             9.426457016764440             9.051706907143540
             9.586538736063481             8.737356257858726
             9.555579543199645             8.253468795162000
             9.347279629484071             8.540916459593902
             9.281198190383421             8.901499394446684
             9.307260731256951             9.046368218246892
             9.282113102505145             8.932560792294645
             9.617481278959918             8.605169845335123
             9.338826604047043             8.566132246578112
             9.321891496194500             8.623070423985975
             9.584356772868771             8.263924887981512
             9.628564362097830             8.526718792828424
             9.627480295471443             8.359934845175898
             9.374326720260285             8.470601634621641
             9.329225783832406             9.074416558091203
             9.291188258511568             9.000694287474674
             9.623191395894594             8.569797444341216
             9.628302771590594             8.529217088318758
             9.608320354256589             8.651577487504220
             9.614507404014249             8.621304333160717
             9.431893387293369             9.046376907195700
             9.339855912331490             9.081038375405841
             9.470617554494247             8.998678698045339
             9.284536043970652             8.826430128965766
             9.564858150651753             8.804720310406257
             9.629342688032338             8.518887419401919
             9.487200984441216             8.973065704798412
             9.632390784448953             8.407295961777917
             9.371066394966666             9.084542644973331
             9.631881184526785             8.399069566704666
             9.311116728524718             8.665477187819024
             9.515495850645612             8.921789156507575
             9.281211928764446             8.892741236986151
             9.397476093355808             8.420206791188058
             9.565299272290918             8.803472090854378
             9.331410331548710             8.589879924508873
             9.516047839822070             8.265500275234233
             9.317232666115892             9.062112913892744
             9.287105781902524             8.801188258994666
             9.445272149127137             8.338278640400846
             9.620302289117351             8.326730962944939
             9.580856517190146             8.756331597892979
             9.385616640274177             9.080059018308823
             9.570603281190492             8.788106249121315
             9.598816331724398             8.692097095692670
             9.633091986249166             8.456552265268247
             9.292965034188574             9.007900644800470
             9.332710041775082             9.076972031210575
             9.544259928843822             8.858562920199184
             9.633267527691082             8.440514612905448
             9.569085086442364             8.792573583755264
             9.490169761253215             8.285284821969785
             9.428333977067259             9.049905644796599
             9.376283791851094             9.083320128674726
             9.343311769104494             8.552526567303962
             9.393834221618929             8.427623072675249
             9.327175844914875             8.604229691027271
             9.539770026651665             8.255280126691899
             9.601891645697240             8.283513637199157
             9.581481014468928             8.754297845425809
             9.496882092830203             8.279357355815124
             9.434384058446931             8.354560756078195
             9.577276350695632             8.767762095301133
             9.468660765588913             8.307823426719818
             9.570363498124495             8.788815616329231
             9.532192720917983             8.886599072200951
             9.420820751565371             9.056866055721125
             9.422012552709337             9.055806606306845
             9.322878047812109             9.068647982526093
             9.416807606753471             9.060308007475294
             9.361910424512157             9.085557052055819
             9.629889639155801             8.377430291889841
             9.284007827920506             8.956493337797916
             9.598437991898447             8.693595887927588
             9.296591233631597             9.020380934254637
             9.592417111604846             8.271252986216563
             9.297784807604137             8.729342554342134
             9.360630911564535             9.085576821416751
             9.375338228333483             8.468229698725159
             9.625323856183375             8.347893253370543
             9.632988522979812             8.460728960376859
             9.334531498659647             8.579683316868151
             9.575867455841417             8.772157904895760
             9.480261789312909             8.984167850241672
             9.620638269827964             8.586484869887464
             9.507834313500625             8.936663089246325
             9.454559060602095             8.325450524460628
             9.586275270359220             8.265450313102866
             9.292900719365399             8.758353858010716
             9.495421871316355             8.280600817960606
             9.588406776167881             8.730872960346250
             9.498223013623340             8.278238256676413
             9.375167985975045             8.468627746050773
             9.580137473083115             8.758658249000234
             9.538336226492358             8.872617607269099
             9.284068407364630             8.831886206734708
             9.287401346670606             8.798638532665768
             9.300215017883565             9.030663706483162
             9.370528176933208             9.084642991950561
             9.437146891325082             8.350301208178060
             9.446601829495926             9.030252424126958
             9.491335853339528             8.284216466713172
             9.309567733132871             8.672120107312418
             9.633219424689635             8.432736237482816
             9.627387837141161             8.359363614744451
             9.363265058729020             8.497672595528629
             9.283230531837344             8.842804335052225
             9.363304766883779             9.085500340161360
             9.369020707021972             9.084897719863351
             9.355447793377596             9.085329540515131
             9.486686587855431             8.288571616797240
             9.608324183706541             8.294859508597229
             9.617103550263122             8.316317568758612
             9.454258493645114             8.325850525562448
             9.309374394976960             9.050242540464797
             9.544776059446258             8.857310505357795
             9.632860141681999             8.464966799901935
             9.589329111442272             8.727623623500614
             9.486417231115386             8.974347717579233
             9.561058964703181             8.253940531580641
             9.365706678108912             8.491512329091272
             9.608915722120047             8.648823105288287
             9.620058003979336             8.325868362684613
             9.408873943468992             9.066532543977431
             9.319897009693550             8.630482890836470
             9.282486176818564             8.938629779965996
             9.633124382013269             8.455006245331862
             9.341503373116179             8.557948482495789
             9.359210587246146             8.508148156503097
             9.372008844652978             8.476100263297571
             9.324558650166756             8.613422936573896
             9.437528862177162             8.349719192554877
             9.297773298829798             9.023941177129959
             9.479240139055781             8.985755373526944
             9.596012215390752             8.703030923177916
             9.628798458827276             8.524429426412343
             9.289660116445130             8.993726853912332
             9.594453759877073             8.273518644531391
             9.315919409223021             8.645823016864517
             9.334072867123249             8.581162526611898
             9.289109637240889             8.784853636563708
             9.630829126415346             8.501621730135538
             9.524904329625370             8.260728759111375
             9.527460192741660             8.896977863073852
             9.289942449247222             8.778618487784266
             9.385729164529744             8.444793197379513
             9.287727736431158             8.795885160699237
             9.468147680572454             9.002225014122203
             9.514855897658572             8.923061037278252
             9.283794793475558             8.835267899964842
             9.315505583992810             9.059807123907927
             9.283532545478979             8.838665851512392
             9.551401554498634             8.253508477714913
             9.349952074590027             9.084459752673245
             9.620951073859679             8.329083650029558
             9.625779215390308             8.350237778568690
             9.523493903005258             8.261415631649355
             9.523614102378938             8.905171995315014
             9.326131637620344             8.607866458828781
             9.624459996021519             8.560808591084339
             9.329231927008147             8.597184491931651
             9.623194229701392             8.569777943499462
             9.302976547013209             9.037397334508023
             9.520161170297584             8.263149622808040
             9.302716407646813             9.036797927283915
             9.596365045446396             8.275816895772245
             9.585762284117973             8.740013811909577
             9.334172458570123             8.580840770205464
             9.310531063879459             9.052227798151907
             9.558952444734496             8.253686314090578
             9.406764936115852             8.402091187455726
             9.495475377766104             8.959088171404501
             9.356532037738063             9.085425795988122
             9.431497211409262             9.046776945855818
             9.456287790516180             8.323169570397013
             9.388475262808859             8.438870638530979
             9.322859492509888             8.619535081642990
             9.445498158796157             8.337954920995392
             9.281416584190632             8.880306612419039
             9.612796930990802             8.630069853231969
             9.612441219413787             8.631851215977303
             9.396683312602612             9.074536039400487
             9.425790216378457             9.052336862385479
             9.526270646170916             8.260090409331738
             9.398497208171131             8.418159671782027
             9.347902753324812             8.539127538568815
             9.624006364274196             8.564084994458012
             9.293222748235719             9.008878296835533
             9.618586902053901             8.598832215363077
             9.284141337144074             8.831010005323929
             9.631651944151102             8.489883954882073
             9.281204220462095             8.893828452513922
             9.344249926461130             8.549746585600861
             9.327764411759103             9.073221561432481
             9.513958837270692             8.266781250287073
             9.633232348400162             8.433895073266079
             9.421670314316259             8.375303679802467
             9.593632967212001             8.272583495506677
             9.285922364263522             8.812024317749893
             9.613805576566209             8.307234428886559
             9.364852955512628             9.085395169474749
             9.547590995613849             8.253828319583414
             9.633262818469332             8.438251063259070
             9.407389586416505             8.400913103126825
             9.633263905589072             8.438560038282663
             9.476370371612328             8.299134344355920
             9.616814572000951             8.608896728672914
             9.308788180927124             8.675525579546580
             9.526299285453247             8.260077315735149
             9.330535698535639             8.592793541250686
             9.612501719777296             8.631549199701800
             9.409395559707546             9.066147358309056
             9.375658917432977             9.083489990201294
             9.517287626174681             8.918198923890133
             9.446492209695981             9.030381683612882
             9.387358996458957             9.079305052466827
             9.407414764758183             8.400865721135000
             9.467298446685897             9.003428460407523
             9.501726115154590             8.947982767351160
             9.337262286736653             8.571006011444146
             9.631274203891330             8.391236067009981
             9.633016454644883             8.422570999515600
             9.412075762919681             9.064114370559224
             9.288729975621285             8.989052648853356
             9.352024949327362             8.527516583933476
             9.633224672546755             8.433185040825347
             9.432038822614764             9.046229597947724
             9.282475300046134             8.938467528360707
             9.430032469348447             8.361448068591915
             9.300536157802657             8.714677335194885
             9.300322151347249             9.030941060593662
             9.557954498942328             8.253598018481332
             9.408939808580705             8.398010796559952
             9.587626739458095             8.266603269001713
             9.460512067721050             8.317736925068598
             9.416096336035070             9.060897693408098
             9.281244580519141             8.906778440917700
             9.631667352848712             8.489640392049381
             9.570172370168647             8.256172103963515
             9.599276448498554             8.279664767854831
             9.627233752313980             8.538860979083797
             9.582771964050064             8.262759153862140
             9.386060956162879             9.079870967656250
             9.554787792555230             8.832076488231749
             9.632542900214391             8.473250072246806
             9.588589306211937             8.730232497478037
             9.530583980498800             8.258253111496591
             9.288726976008455             8.787816031534280
             9.631210327517023             8.390494810147558
             9.630424396217823             8.382282467345316
             9.520264362366436             8.912138255708038
             9.370309300955123             9.084682391799408
             9.416493325529764             8.384298691533553
             9.558792866334512             8.253670822746386
             9.447491834099658             8.335124295754975
             9.540219858458252             8.868211167262416
             9.610637205969274             8.299725365387193
             9.330189166086505             9.075163663447663
             9.552754008490032             8.837352336817982
             9.503751353818780             8.273857399161544
             9.484411107150173             8.977596516284224
             9.616291187800634             8.611775790580996
             9.358655827359176             9.085545442957848
             9.454919331799953             8.324972403217753
             9.347406475183305             8.540551561408451
             9.357430266875358             9.085487425495506
             9.344277186621579             8.549666136402566
             9.388868541317070             8.438031378323384
             9.612039210916448             8.633848180513496
             9.295828064131845             9.017962137927274
             9.367890877869394             9.085062889225330
             9.291602923213043             9.002454253715955
             9.337731338989549             8.569537394874038
             9.351938600185077             8.527755923727138
             9.632743506195434             8.468283994035552
             9.288342040792134             8.790864408658798
             9.488336147064263             8.286997266130891
             9.475117720033937             8.300500197032175
             9.554591238203489             8.832589847024604
             9.595840941115650             8.275169447095648
             9.394059673579122             9.076000382022592
             9.428406789502485             8.364077423486068
             9.391788235193131             8.431869593062036
             9.571450414725819             8.785588536383605
             9.584187778821926             8.745338235605598
             9.607153599356954             8.656890857656906
             9.388267504535250             8.439314893878128
             9.284017259833956             8.832506780878095
             9.630950717506824             8.500017821895968
             9.392650629186132             9.076747741853774
             9.401691696123194             9.071483077495174
             9.360073243239684             8.505892952679984
             9.281934921091009             8.929185218488485
             9.607979403074349             8.294173707323422
             9.313633662278601             9.057126471260545
             9.559227251499790             8.253714223516718
             9.377861140592868             9.082863621825219
             9.321402141322597             9.067077765279421
             9.591594609268819             8.270388858075739
             9.624782689563157             8.558432106378602
             9.536842487873454             8.256084240589367
             9.566745198259627             8.255107857974847
             9.325674810610769             8.609470362187201
             9.496383640716562             8.279778917109873
             9.398700334420072             9.073346778706632
             9.592114825653770             8.717605291347295
             9.519941053569449             8.912802381743221
             9.321393145283473             9.067067907916798
             9.307834344371917             8.679752291390187
             9.365292574324341             9.085357324380530
             9.626254790118635             8.547038946263605
             9.493113829330809             8.282618623572814
             9.281342467174440             8.883571813644870
             9.631470610092647             8.393603126121622
             9.597078804636942             8.698918861399015
             9.308926301540343             9.049448509793764
             9.331283424988403             8.590301112915531
             9.281385615795861             8.914332640103476
             9.601449255274273             8.681448381915667
             9.620786357972785             8.585560356459487
             9.532799276618402             8.885244621497915
             9.612737084652840             8.304582483904550
             9.353034311755943             9.085027536570578
             9.521472221559169             8.262449044602947
             9.624715457118750             8.558930506394983
             9.431260015488775             9.047015584366987
             9.345318634418007             8.546606399258682
             9.344736387431960             9.083005773486079
             9.529428977371197             8.892700487223211
             9.495040842359661             8.280929521253059
             9.289607169812077             8.781095538417805
             9.633055730194718             8.424031917899917
             9.317853814782595             9.062904973156856
             9.392611062409300             9.076768330213692
             9.304596860316133             9.040982367339582
             9.413603705806446             9.062915388535476
             9.458168811972623             8.320725756642739
             9.509144428653254             8.934173667777271
             9.317410285681722             9.062341369160373
             9.464071403287695             9.007927413609945
             9.565377458851323             8.254760713074150
             9.308224711210931             8.678014322732162
             9.480303223026315             8.984103213860203
             9.282881213803318             8.847963011950027
             9.497416058671908             8.955691250902150
             9.370108653327506             8.480675029832650
             9.550549963559932             8.253556976967197
             9.632299011645983             8.478471889832937
             9.332172551043254             8.587361255106618
             9.438465795427163             9.039476654260431
             9.345401790216888             9.083227298086246
             9.404854417672814             9.069384904542988
             9.281573016945206             8.920627235299293
             9.409962505463657             9.065724816607762
             9.632945183021416             8.462248265817808
             9.618367970378706             8.320218337762450
             9.556395794569593             8.827848325986505
             9.305113874305638             8.692198642117544
             9.598907753130808             8.691733786469941
             9.309657098828669             8.671732442244192
             6.528703320318924             5.548407153075252
             7.716405386991409             5.725402420814591
             6.426318217826851             5.827784455778923
             6.763533636198623             6.663564290491401
             7.292813465268076             4.789038604328669
             6.458283086662466             6.487938465913237
             6.623630023355525             5.371040780369018
             6.778515923755457             6.663284395386831
             6.389376255245550             6.281007186147950
             6.380794925800032             6.181769516680585
             6.638429935116881             6.642571961599020
             6.851276232298639             6.654868962075769
             7.544240766067116             6.082948944340036
             7.587659048990931             4.814922012148416
             6.838120068915583             6.657214998612269
             6.861694201530774             6.652765471759793
             6.381597172498200             6.103250410483426
             6.863401976242167             6.652400210337106
             7.289271057569504             4.789969235470011
             7.097999045684393             6.552157658674454
             7.779652071216701             5.101951226014159
             7.725057592193987             4.955793627158922
             7.312279770143386             6.378182800472707
             6.887743063352980             6.646579248342852
             7.798364712720769             5.301722147309327
             6.405629219067632             5.915695409951962
             7.651069636617370             4.860868700292468
             7.764711953195577             5.559781724866102
             7.338888615799130             4.779148946055416
             7.792187155496761             5.174591892792003
             7.618854101743212             5.951573297307304
             7.603989559418149             5.979838801995433
             6.598767520826875             6.625161637576896
             6.699061203786526             5.256874030822166
             6.392324419267661             6.299329722372682
             6.797353428786132             6.662201727500515
             7.302357207874724             4.786650252108896
             6.723026672188161             6.661580883247868
             7.094028267550645             6.554638152944966
             7.469191153883598             6.193885157079181
             7.541774031180799             6.086892813828917
             7.183341413859960             4.828356077417236
             7.786634671434188             5.443327168853473
             6.899960443311088             5.025421392942339
             7.503828796605953             4.782515259107715
             6.380509774600215             6.169365258182068
             7.035264314016715             6.588266224076659
             7.589260961404922             6.006726957676141
             7.785273990968860             5.452599929175959
             7.798527477589052             5.277406768636049
             7.411358709210906             4.772504114474733
             6.935683703000367             4.992942243317248
             6.446523679553236             6.466647715668671
             7.551728611779655             6.070838356095710
             7.643775727821342             5.901293938344581
             6.804049002000067             5.124757093029608
             6.797302618524698             6.662205715371333
             7.028886393063198             4.918830564768182
             6.447137423960472             5.756660011054132
             7.439259486882851             6.233520511751856
             7.698214730176432             5.774861905556897
             6.442550980535738             6.458793957153086
             7.794332903719729             5.376741544062773
             6.430111767912067             6.431532523499625
             7.685099906334925             4.897004158636234
             7.668549630162881             4.878171597967103
             6.424771906522341             5.833614039648014
             7.767913676011108             5.057575773921697
             7.681302716186083             5.817114721749398
             7.612950003954643             4.830523019596485
             6.413028031436523             6.384971894954372
             7.738329613506677             5.658296759486367
             6.474641432216035             6.513572087795310
             7.212485223530734             4.815810195839317
             7.755503132115745             5.597243183943069
             7.392005463625703             6.291528839611995
             7.783448482326072             5.464368929024943
             7.689193650942844             5.797793915964615
             7.337179781559488             6.352530718822313
             6.614036859788831             5.387006420101613
             6.713860180571469             6.660543734587225
             6.849897141957523             6.655131238430338
             6.603339167731884             6.627497908694100
             7.741013531592218             5.649345873944821
             7.584620381818665             4.813256414014123
             7.648380476609501             5.891560299002018
             6.443898634236400             5.766965022833241
             6.439001342118636             5.783023275591991
             7.798171113977930             5.310212618987760
             7.759806877164121             5.032950541567808
             6.383812135701657             6.068585327763876
             6.634676945320384             5.353098970646847
             6.566286807833764             6.605738013477900
             6.430875444213202             6.433339058114776
             7.756918433563395             5.591745358383623
             7.423672537073059             4.772554428852369
             6.599790720515087             6.625692501683741
             6.853531628065185             5.071212452382738
             6.383796049004486             6.233451619531630
             6.443966456636998             5.766746754321497
             7.663016422087066             5.859581823406898
             6.490724822234438             6.535217147647406
             6.745934117871120             6.663207972911433
             6.402085872506022             6.346015089704485
             7.661486999572418             5.863001700288683
             7.616282538097599             5.956549311517752
             6.472596953260546             6.510586066637940
             6.907401830506900             6.641056529355273
             7.685280425052559             5.807456915216901
             7.784957275782245             5.127635467474709
             7.689959714763017             5.795882810422444
             7.709751596053148             4.930598604779942
             6.984816187463805             6.612492683569528
             7.786234762632473             5.134659278030901
             7.798473074518439             5.271139152967187
             7.777771600252166             5.093888355587747
             6.541616057373268             6.587201994263353
             6.520612701074207             6.568306270909162
             7.418602773773515             4.772489673098837
             7.514808365975556             6.128606183337331
             7.739952097731019             5.652908460235866
             6.727511676874225             6.662006501606727
             7.796755306700893             5.343481973768530
             7.463057959988429             6.202201710032210
             7.423053552520186             6.254018883440555
             7.638695245574200             4.850000132916231
             6.762149306728515             6.663563445344034
             7.782447052261664             5.470543355478934
             6.779085269028370             6.663263461508423
             7.798519009031505             5.276036213721897
             6.418051240376805             6.400074296308468
             6.422242341132600             5.843356554342353
             7.328983706394762             6.361110805603684
             6.407756482092173             6.367424993876698
             7.798461105016868             5.270172969052537
             6.873873629650291             6.650036021718280
             7.160281792212379             6.509795344068658
             6.466610927489188             6.501501730032917
             7.791947027711819             5.401099048053387
             7.710816107089789             5.741107648067542
             7.468345353722524             4.775928649200568
             6.883497621313577             6.647676392576554
             7.095417666730965             6.553773207371158
             7.547721605404985             4.796187957786394
             6.436993665086316             5.789785772609564
             7.759020345324942             5.583418546871552
             6.941055772054896             6.629951122243011
             6.486321926153286             5.646793219337372
             7.286684276494023             4.790663802706354
             7.600021993324661             5.987187076333580
             7.677964931642447             4.888564544641931
             7.790418973127094             5.414511797993801
             6.896788591770832             5.028418869075328
             7.397121761864725             6.285501643894112
             7.621290852881410             5.946823558994077
             7.593371513675247             4.818169648830399
             7.696213400469653             5.780032177418081
             6.581638440390159             5.443827594568913
             6.381612176057406             6.102939721084312
             6.577054199562189             5.452262046832758
             7.021980579820222             4.923810197663677
             7.614486132573857             5.960003498997406
             7.726389878070827             5.696037730671801
             6.476355085906493             5.672593194031616
             7.412020204625756             4.772497624192849
             6.931471238944567             4.996651413543706
             7.294524027571025             4.788597744525243
             7.759718271303776             5.580608717575382
             6.458504804557972             5.722220950637136
             7.779260230295000             5.100232991461668
             7.016826324689616             6.597622347516118
             6.473857965187353             6.512434575139072
             7.612973990088445             4.830539379286788
             7.514660992368966             6.128827398805174
             7.469757088082175             4.776121434857020
             6.794683675695988             6.662403535201383
             7.613805217150173             4.831108253499806
             6.447648895331981             6.468806994696647
             6.381721550290825             6.204058104903515
             6.380871387686008             6.121581961113811
             6.381274496532516             6.194883026776125
             7.196293370134235             4.822599146264272
             6.932270336130248             4.995945336736556
             7.608761065617654             4.827713516786792
             7.140417906042429             6.524013709409417
             6.619765518434507             5.377428274710601
             6.420022674755907             5.852131752151836
             7.334187875627549             4.779965254987124
             7.792604783624112             5.178066631413841
             7.742908163822130             4.991033777968072
             7.171266210762635             4.833982426407264
             7.664956632153233             5.855215719355633
             6.932377372969896             6.633011119509294
             7.276301230897650             6.413120864630196
             7.186042884255315             4.827131507732831
             7.676821929663980             5.827804921465816
             6.895722834958620             5.029430260969164
             7.250199724399161             4.801784735281044
             7.137224853661829             6.526237211037726
             6.601047050751792             6.626338004502351
             6.738719767302374             5.203733971742319
             6.530817603565311             6.577880744265531
             6.617045938832830             5.381958850151527
             6.537464897610588             6.583712528351125
             7.781202500242506             5.108965133547579
             7.231330328707840             6.453414017880931
             6.380888155786766             6.121044661904923
             6.480469464128131             5.661794328254460
             7.785167066899269             5.453309325974357
             7.374496553443747             6.311711928891618
             7.047861855883474             4.905561709949954
             7.074146788916763             4.888179521615243
             7.599133965362588             5.988820938510872
             6.663478546802071             5.308389208677021
             7.468552895845304             4.775956645005022
             6.436307336442914             6.445659788988248
             7.774892180715359             5.082351226402809
             7.796611825747092             5.345911757021458
             6.937089121632450             4.991711831507551
             7.659764078842665             4.869170769044345
             6.440948012055479             5.776568171904179
             7.270274389601185             4.795361918184943
             7.790304578722631             5.160299447305867
             6.516787233586504             6.564510615842944
             7.358141598424152             4.776278905140970
             7.690567561366664             5.794361778486955
             6.980008082940532             4.955821403242766
             7.502766790156514             6.146451457003029
             6.475919693378700             6.515410241644121
             6.761699212481489             6.663562183981437
             7.051317213184600             6.579653919548913
             7.668891759590235             4.878535293919077
             7.453564015947363             6.214874370329921
             6.383636340583649             6.231608121893976
             7.788392345428568             5.147533200939658
             6.819115491294716             5.107912112596265
             6.406218832703956             5.912803986247793
             6.831654968203160             6.658238830694561
             7.611177420728472             5.966319321110665
             7.219599167530926             6.463328180169496
             6.416528897478932             6.395643474708718
             6.395757749611394             6.317667424681837
             7.276876641300351             4.793411371249284
             6.564739260502403             5.475455160382819
             6.467861768636250             5.695606451490246
             6.610230220824267             6.630849277804928
             7.455279264350788             4.774402688299163
             6.897083983578687             5.028138922066987
             7.124655976384299             4.858018727992888
             6.997413810438036             4.942180788618495
             6.786594087016887             6.662918075882617
             7.597776764951329             5.991310458110769
             7.487502094163476             4.779025140143837
             6.441648808793294             6.456958162959588
             6.395412855269583             5.972040788793342
             6.880315457934945             6.648476246197874
             6.419157593116844             5.855612927283079
             7.121264316782795             6.537094777991162
             6.586670465006589             6.618525594645258
             7.788581139325832             5.429150461527406
             6.384209763196733             6.063707710644567
             7.528792455263466             4.789481476295848
             7.695696592136640             4.910536162884728
             7.148236107401521             6.518496997247699
             7.036376808089544             6.587683349402127
             6.390283201081198             6.007314817080805
             6.528197277920956             6.575496102462724
             7.706967769202526             4.926413150880645
             7.772883975376718             5.522345631269332
             6.450701692927769             6.474528547996844
             7.784967781849566             5.127691653401572
             6.387409693034530             6.266833121440146
             6.383335146465615             6.074809183442353
             7.091763773689232             6.556040965617072
             7.762185221032133             5.570485003667732
             7.787278763625944             5.140714170812779
             7.675759298280008             4.886056598947092
             7.774317154944247             5.515238577123913
             6.709872469524913             6.660021159757761
             6.579841319208845             6.614474681038343
             7.558179107941480             6.060233656006563
             7.119410084865832             6.538328481172845
             6.537771614960264             5.529262135454487
             6.859879296947277             6.653147361994204
             6.417517177966779             5.862313992049507
             7.297425128101264             4.787862788062253
             7.013527924564162             6.599235400651779
             6.468752609802806             5.693144304942796
             7.042539547706546             4.909222295519346
             7.288806100918585             4.790093148162753
             7.332998965695262             6.356924337147248
             7.734228923029580             4.972975481649477
             7.739777611054052             4.984295358945547
             7.041692815463571             6.584869350379444
             7.271236592255640             6.417843183781213
             7.341584213969011             4.778701108288612
             7.750793684352198             5.614961628417906
             6.579484670984065             5.447777235462738
             7.683092108884588             4.894577330419217
             6.774274974156825             6.663416801967276
             6.391576449505243             5.997742097564790
             7.022712428330398             4.923278657711293
             6.949444396298972             6.626865464117736
             7.795459682956910             5.362907150090050
             7.763024262337857             5.566970007086417
             6.404910659697355             6.357060161556040
             7.787584670116794             5.436555857226648
             7.177460692105484             6.496959715637634
             7.314024335605086             4.783968802624972
             7.471352860640301             4.776346017389177
             7.163554421280836             4.837705743029581
             6.387755507397101             6.027908767560167
             7.513385160218910             6.130739536256665
             7.797764738919271             5.244002862613812
             7.453543934409351             4.774234523254458
             6.879254230508622             5.045331383832081
             6.608521154051067             6.630036845406306
             6.808367289486727             5.119879200528750
             6.389917780606510             6.010124500022449
             6.786023869600811             6.662948799105828
             6.590097191054556             5.428533327609618
             6.387771169128024             6.269588701890513
             6.581518750698073             5.444046484144547
             6.876101768117422             6.649505545186189
             6.383138621625407             6.225533947561197
             7.533117837303908             6.100558177351457
             6.446637003679485             6.466866448491275
             6.973774972485216             4.960833427778880
             7.359964208023482             4.776047241131379
             6.421555488838938             5.846048501215451
             6.582427751918522             5.442385853917288
             7.714161635718097             4.937464001623805
             7.753271200493816             5.605746440392686
             6.407027022196583             6.364834294345910
             7.529993618482710             4.789869186835895
             7.579428158384459             4.810507260747910
             7.182499416995725             4.828740310923856
             6.436884023301084             6.446916630788523
             6.611596981471513             5.391126334625460
             7.558455352615364             4.800581899873873
             7.485205017566566             6.171673630643947
             6.400335802700811             6.338730091299642
             7.194373969893188             6.483829825493363
             7.775696129294631             5.508214348499271
             7.740706262858970             5.650380301477573
             6.701612533230303             5.253325466963766
             6.828141141150640             6.658759145775623
             6.420328037655463             6.406485864330071
             7.356515809956182             6.331744997749766
             7.616555267799162             5.956023332513438
             6.537058857780586             5.530746294634719
             6.384786864653521             6.057040439902607
             6.779651047928379             6.663241921177230
             6.425500268508754             6.420191697691850
             7.448474003576053             6.221570085691798
             7.258526085167311             4.799031480208570
             7.697824723429294             5.775873304171706
             7.508332496487276             6.138260586117817
             6.386329220179546             6.041029729801524
             7.431334852340454             4.772771279309977
             4.975967469052131             6.958335207838792
             5.483662694047155             5.848098782094072
             6.684326821879072             5.312157304924116
             6.862927567754030             5.445601987880213
             5.432634082632644             7.449202973215895
             6.608531751132024             6.691545295949345
             6.904225983749121             5.513276308574252
             6.727007546613827             6.512945788222823
             6.414815401799900             6.922808181954381
             4.976734294931303             6.905183075717161
             6.954062207986946             5.896738049295100
             6.952900612722105             5.906152973838259
             6.505783817604535             6.821672807271915
             5.618628596008455             7.426810067666993
             6.944174778801417             5.962688827624702
             6.176538114207128             5.347238883457306
             6.957915325631274             5.716275114288490
             4.976895039748846             6.985777234863606
             5.320089150586920             6.049388596474026
             5.460836183634997             5.873592049000298
             6.723091099922196             5.329048840735864
             6.447355061831712             5.282533824996463
             5.113976362660486             7.330116737235121
             5.086856630109298             7.300722240417483
             5.381905464329424             5.967892670973272
             6.945751937324735             5.634816602578852
             6.904602550021388             6.122556233195005
             5.403555721795382             7.448287669615302
             6.936842644564586             5.598953355261922
             6.592186346410462             5.287839727289490
             6.949027374284457             5.933637025454802
             5.143772873527823             6.336234909162006
             6.406139533445335             6.931859346647892
             6.909151119456215             6.107691923375372
             6.369224663401752             6.969304092004167
             6.842202821932562             6.289336462578573
             6.713526915973681             6.535264865712985
             6.022655966522797             5.418066339284033
             6.953566687791949             5.900839631737774
             5.128765560418792             6.366317458652794
             6.059171873496748             7.224551995572693
             6.936628422816494             5.598198222521120
             4.999760871413193             7.130357981937339
             6.166497626411232             7.147289366421210
             6.000524467247685             5.430096496494290
             5.103509126661041             7.319476424066338
             5.894363765439143             5.494146358457361
             4.993584616549859             6.761527011640537
             5.173416779172827             6.280264739322746
             5.766314493564528             5.585546726317333
             5.004051185014831             6.710972976786353
             5.881788845923343             5.502430447776357
             6.687380675491863             5.313324690489712
             6.417080008349405             5.285427950396146
             5.557832110330634             5.770150526773588
             6.834311405506765             6.307209695705119
             6.035456312705781             7.240145315308153
             6.958319235004274             5.852853924273614
             5.850049242989412             7.343951251383588
             4.978496358184003             7.009685536375501
             5.363956029485105             7.444741643046208
             5.818180398501384             7.358539027609165
             5.944617758238421             5.462517795174080
             5.074265119751171             6.489005208256159
             6.392062019450417             6.946340283645505
             5.094452383724025             7.309575766634939
             5.107704179493320             6.410918401154647
             6.661956307150298             6.615546130833714
             5.054611355531638             6.540571680147098
             6.951610007206568             5.915888905920021
             6.774397170522954             6.429114730449090
             6.181812522370337             5.345218155475989
             5.040673159556535             6.580725197144333
             5.103994063990439             6.419102061983788
             5.547888108874385             5.780189146646109
             5.673220454150004             7.412262680952615
             6.953561319037348             5.900883344456314
             6.820051555136709             6.338273814697701
             5.269304293447128             7.423633229909996
             4.978442985603627             7.009039571446916
             4.995471991452897             7.114240341491443
             5.417736965700025             7.448904639843430
             6.599393962282770             6.703915771354250
             6.015338686499412             7.252959747127782
             6.894541875019441             5.494705029227903
             6.197682201711680             5.339306172102770
             5.656100051374476             7.417176448669736
             5.209446828061438             6.217330478484126
             6.683105644025572             5.311697820896837
             5.442808387716200             5.894264245454893
             6.911082424203789             5.527827891484984
             5.030314044559777             7.211989696868725
             6.471536544040479             5.281131029581738
             6.489926735548870             6.840166697436222
             5.673505753212659             5.661918065377026
             5.045714973326489             7.241346270882172
             5.387552733815374             7.447186552459604
             5.883470974492922             7.327615410875640
             6.739612628152011             6.491506181092360
             6.832522092006843             5.409572476422794
             6.874119755167948             5.461329251137251
             5.505017217467204             7.445921961718645
             5.203345976207594             7.395438893041106
             6.737211820386943             6.495634036114380
             6.344137060959763             5.297229095636108
             5.004206702144270             7.145313557057138
             6.866514468834708             5.450474106629942
             6.828917364830452             6.319138076809062
             5.599595424942701             5.729300783880834
             5.042783117893761             6.574415543309698
             5.332179311212847             7.439793679591977
             5.052256964969034             7.252383722808890
             5.818875800416749             5.546122920075714
             5.569030814225389             7.437095823125768
             5.278308208468591             7.426521946193678
             6.958690899474014             5.847690866755953
             6.742447686505391             6.486603977117404
             5.167091327247308             6.291859375260440
             5.741056189306834             7.389759474742284
             5.746304665075466             5.601270434104638
             6.767821307961250             5.355007107319949
             5.888145522115789             7.325246599311438
             6.595407505512241             6.709259297683393
             6.841868685134114             5.419746587170865
             6.636298064940670             6.652864478450546
             4.981196951940536             6.846239645060115
             6.530213940072406             5.281351639527225
             6.902253851956355             5.509320064038462
             5.811656446094855             7.361405139278768
             5.535823607249646             5.792534826818841
             5.003753261238146             6.712279371618409
             5.673134710689881             7.412288075591695
             4.978294059844724             7.007199217476780
             4.981691633304684             7.040231637183865
             5.882862640594055             7.327922171031779
             5.062115517343998             6.520270573997265
             4.996901619683710             7.119827505416968
             6.844916870259932             6.283066298029352
             6.850529511761141             6.269886414455637
             5.163724989525920             7.371241351176355
             6.921351881078531             6.064626410845838
             6.095237345412649             5.381837572344542
             5.087418565822411             6.457048716664845
             5.051492003833363             7.251130947265178
             6.960253117842364             5.752994503260064
             6.931043845935941             6.025928388813458
             6.442536354374935             5.282911348810676
             4.982008631688169             6.838829727731351
             5.050513054247006             7.249513556874597
             5.413005208138360             5.929535689921572
             6.623903338073325             5.294018887022803
             6.500174274412562             6.828259410860735
             5.440701686236554             7.449219277923778
             5.573359775944927             7.436313961424149
             5.768699398270630             7.379243539567094
             5.720677172712407             7.397019184691468
             6.635426059763999             5.296799119985531
             5.199549676946097             7.393387901294767
             6.866765679385184             6.229958338555328
             4.994439881539154             6.756955890258975
             6.957565302404459             5.712430126000955
             6.708829282025335             6.542902449308895
             6.090879733577600             5.383872114759974
             6.697393343855104             5.317340025202494
             5.260389273333935             6.135908757520438
             5.439356837802041             5.898277986550956
             5.107716024453797             7.323851375579871
             5.324445507573414             7.438282911039643
             5.093665907400617             6.442466265423852
             5.292226466342933             6.088709008285581
             6.816113758836542             6.346596864115700
             5.682104539240941             5.654466760819011
             5.005497749739021             6.704716615702718
             6.571634224483502             6.740479624491194
             5.367859325264503             5.985770120704558
             5.065948173122846             7.273307553400198
             5.881135230138058             7.328791341649778
             6.397710636075590             5.287914143626729
             5.723695090179230             5.619521549505231
             5.238387133366154             7.412055582062026
             6.229476783868177             7.096683152940406
             5.829218136900367             5.538681118530277
             5.899249892480534             7.319537224275471
             4.981348809661299             6.844814891474127
             5.163983612426574             6.297621734394153
             6.932655338425723             5.584871706944662
             6.638613005340162             6.649561921744529
             6.091341140919179             7.202552473318933
             4.977272311586986             6.894496155207981
             6.251475166343746             5.321178439674861
             5.523189229589766             5.805662848480550
             5.053885051062819             7.255018385988960
             6.718948899890491             6.526360931189242
             4.976093570183739             6.923951953633576
             6.191290916449420             7.127844670154202
             6.366906564470082             6.971599230652858
             6.734699337336041             5.335056211184898
             6.802501826713186             6.374600219503451
             6.800914918906972             5.379878574863709
             5.296603631624842             6.082414732812231
             5.377677939998294             7.446285319909070
             5.003762117629947             6.712240445614045
             6.938418334269940             5.992477160118357
             6.192485989222707             5.341214062856939
             5.333443346647487             6.031143194639056
             6.232878312773043             7.093834750575863
             5.177761683533387             6.272401423128105
             5.107698318074849             6.410931247246603
             6.560933652946927             5.283701034658639
             6.890469825802503             6.165618245584238
             6.153376848549468             7.157333025416820
             6.450666664626588             5.282293000557743
             5.706950202460577             5.633374825544488
             6.558648455557647             5.283469439248583
             5.614248674539278             5.715454650734621
             5.734624028207986             5.610634706548744
             6.320467671617004             5.302432809220663
             6.842874370815966             5.420885139702571
             6.360798991145583             6.977615203003899
             5.496225617045121             7.446716789199231
             6.334557309749075             7.002958398624179
             6.462734830270215             6.871002877232929
             5.814777847227711             7.360038964445577
             6.801021259271956             5.379967823195967
             4.987163165824681             6.799774048239458
             6.790558155700812             5.371490085785986
             5.424619559045845             5.915623323218252
             5.302601754436603             6.073861981342634
             5.436575194783588             5.901526014608479
             6.854296802251905             6.260870329420156
             6.085458570359173             7.206648665910737
             5.886609944325683             5.499236846678307
             4.975970197057449             6.930080558580157
             5.622372099918772             7.425918156728679
             6.449006989705540             5.282411790167330
             6.554617468547955             5.283083673983960
             6.154587392900975             7.156413473617312
             6.304270615455443             5.306362465554577
             6.745749931085554             6.480855453692562
             5.775158281151341             5.578724085299974
             6.921944557242164             6.062392319388112
             5.219899251751599             7.403790099122983
             5.036795008750114             7.224988776569806
             6.004913086536114             5.427674630399514
             5.662185757486253             7.415466010456225
             5.258912970776507             6.138161126803905
             5.812435826008445             7.361064901617531
             5.046825984844032             7.243274015088029
             6.016419055819958             7.252281189188374
             6.054007147551436             5.401808656043855
             5.662947304136632             5.671175678475458
             5.404510515066279             7.448339642133813
             6.831927143352198             6.312510064190361
             6.431909980322689             6.904685056164455
             6.469343307931262             6.863608055623627
             5.372818649863806             5.979417267362775
             5.305121947453983             6.070293012905313
             4.980703813576566             7.032046610486381
             6.122489178260126             7.180312209243466
             6.919288870515568             6.072288172644052
             4.976659040006391             6.980863578501548
             5.610039007685192             7.428796342338293
             5.609104459692742             5.720287372924457
             6.674174238780684             6.597197785209664
             6.715424173521292             6.532160138021522
             6.454723527638380             6.879883954616970
             6.166979500612516             5.350971468540746
             5.616629855934248             7.427279769498314
             5.028082299580255             6.620465537840574
             5.477425331055563             5.854990998717796
             5.222453833243527             7.404996669090527
             6.628252905206346             6.664246782166120
             6.833927127032820             6.308067004404756
             6.885032897794112             6.181138405375404
             4.997314133380771             6.742257705993863
             6.698641778311798             6.559228907195949
             6.503854635076519             6.823943537552926
             5.618782012583316             7.426773827401782
             6.179184545213197             7.137415930967072
             4.981968178442781             6.839187686879469
             5.954401317086218             7.289472704662912
             5.011941152602969             7.168190468184458
             6.618169557155602             5.292744926312340
             6.949822818504923             5.928381191873866
             5.546447220380830             7.440802850231672
             5.142300104410904             6.339130786789941
             6.144151906375461             7.164293312209408
             5.962568776851618             5.451790659735097
             6.612383258770506             6.686279388476631
             6.352180588379663             5.295609377078199
             5.805628485069959             7.364016798050367
             5.816910613976520             7.359100088352842
             4.995604519962053             7.114768214491951
             6.163994176627994             7.149218800904819
             5.771216017323813             7.378248402496001
             6.865821785308033             5.449521385273022
             5.128035485631870             7.343202951219867
             5.305188793101175             6.070198545490786
             6.795311683121714             5.375266764068505
             6.949708258231813             5.929148697902903
             5.137004074303729             7.350902244634604
             6.889042248825074             5.485024409462656
             5.925339083436786             7.305669038444540
             5.390637839271419             5.956955517732602
             5.001847811960391             7.137572601503713
             5.266711605899918             6.126329047874772
             6.378141096818806             5.290909778505559
             5.065100509822469             7.272088255470988
             6.038056172103616             7.238461635076293
             5.061543284557657             7.266867541502059
             6.216737306491125             7.107244806909210
             6.272577435184886             5.314894354178294
             5.029434287701868             6.616007167931281
             5.033698309206025             7.218906112768573
             5.373522233537145             5.978519617696480
             6.791629163994092             5.372330398997510
             5.672220584604293             5.663038503647902
             6.480178673697664             5.280833616396946
             6.048139839046917             5.404781114917156
             5.892132923889392             5.495605151885505
             4.979582064039696             7.021575416739624
             5.471716656813855             5.861347331476725
             6.295424490240216             7.039276490272543
             5.675817668977052             5.659906928564845
             5.962784482095770             5.451663582354237
             6.311853498072732             7.024239853246176
             6.428937625008500             6.907864162545987
             6.137121667526654             7.169541891679144
             6.944875507851598             5.958760422805864
             5.235113788644958             7.410669374624735
             5.555399948537625             7.439408615516532
             5.468485894648683             5.864965296194844
             6.686617517097742             5.313030492612447
             5.476668660200528             7.448103306018334
             6.628069169197786             6.664505028429090
             6.814271608801823             5.391619358136318
             6.957657479817884             5.713421029045889
             6.045254348135762             5.406254810740604
             5.737916337970663             5.607981344938563
             6.934714157651664             6.009815806202020
             6.852958735534768             6.264088800319481
             5.940333679211357             7.297410827249541
             6.742870495723275             5.339576030777121
             6.759858944867576             5.349801556759409
             4.976050814793821             6.962634909211499
             5.541883687446666             7.441474936908106
             6.932492762137959             6.019681122757479
             6.712956581229673             5.324179564472159
             6.691788419518350             5.315056427184134
             6.057348059471884             7.225769946707320
             6.818069864608288             5.395163893476261
             6.960888831364901             5.784385270019116
             6.455631000407542             5.281960644980524
             6.424641384861731             5.284590003092704
             5.064190340220806             7.270768587615720
             6.235852197577603             7.091334603375437
             6.694638076724249             5.316205920754180
             5.364766436054632             7.444842430091824
             6.718052589926478             6.527839505487591
             6.956608341514036             5.872971291252139
             4.945664944052485             4.662744402518426
             4.961780424044610             4.624857365413155
             4.743800141103262             4.515815239838063
             4.463875571935000             5.054309854893742
             4.428044108351665             5.201262695231944
             4.435449332719091             5.156279888477689
             4.960385963309544             4.289388623629458
             4.577404726304130             5.235707343246814
             4.427308414008619             5.253857773982789
             4.709769916509067             5.078314591561419
             4.951261908829437             4.294217295627254
             4.506222366785273             4.943203154753042
             4.737404240828154             4.524913410164560
             5.002382023455751             4.280627011494344
             5.031351650205791             4.311221956807921
             4.426444434800949             5.244310135544593
             4.429449144019204             5.190182757422261
             4.873229961461711             4.812469927774078
             4.941996129397645             4.671071913970989
             4.792172907369574             4.450718255892297
             5.029759075833217             4.306510804530150
             4.448267096598350             5.296969193520164
             5.035552936980419             4.335792869742003
             4.469614465257204             5.302166403827862
             4.930370509471732             4.307765650499835
             4.766404635651981             4.484571671913266
             4.886636408802536             4.786722584053500
             4.497718569783963             4.963686621922413
             4.508124697905564             5.289442403304290
             4.426137436609269             5.235763684197985
             5.034272084540101             4.324334510992939
             4.954027936644943             4.643365251599540
             4.525948172225558             5.278444813742258
             5.035995888456959             4.346562155617115
             4.926129034172432             4.310880444833783
             4.592959565019725             4.762009080459864
             4.515171749364269             5.285387758197324
             4.526800618660056             5.277860346231643
             4.777910846842014             4.977163688050173
             4.490098332257481             4.982676940018024
             4.752139886809385             5.016938833060843
             4.689470653431473             5.105950966605236
             4.823717297202244             4.901696358045997
             4.599224127236925             5.213846199869448
             4.586366926037743             5.226959892885355
             4.752370059443686             5.016591829104250
             4.865459315769841             4.827061168921378
             5.033940823765939             4.382146546665063
             4.824217678469844             4.900836472587647
             5.029177317205932             4.413252109476330
             4.542082672628053             5.266593772186100
             4.916937532481285             4.725519308213032
             4.462053396342929             5.059783825278739
             4.724344374278679             5.057763088256747
             4.688093324724879             5.107784006976927
             4.668065188716170             4.630866186987563
             4.476725589967039             5.301369572129673
             4.799940008331470             4.941655632726283
             4.431162102805589             5.272141077576978
             4.431886611008855             5.274292840967471
             4.874495932426900             4.810070213086249
             4.475778865775341             5.301527503929830
             4.444723366702945             5.117535587101915
             4.820389045068149             4.907395527049982
             4.499653836435334             5.293738727536476
             5.026356991151152             4.299059338722655
             4.846250761479900             4.862158069067293
             4.984771470458971             4.566079517169904
             4.430284178194447             5.184518732961285
             5.023241111343817             4.441343082790987
             5.006008443099757             4.281531146857198
             4.849139081120581             4.383016429046833
             4.961034887528975             4.289074428242599
             4.847748473009019             4.384542437571361
             4.813146466206553             4.424602624818448
             4.446542835532043             5.110820252098130
             4.960147559653167             4.628802447050467
             4.671951916389100             5.128860242032534
             4.431238554732279             5.178573166716011
             4.689484962616095             4.596687351157461
             4.702377561244473             4.576746961600671
             4.728782393500717             4.537357044540967
             4.929849612010297             4.308142109774937
             4.434215681203191             5.162325541386552
             4.750610115845504             5.019241340778833
             4.839037013170326             4.394254722918933
             5.031585226405605             4.399288036178294
             4.536869278958328             4.874262353396429
             4.641928840143591             4.674414803713763
             4.500398600088008             5.293388327022693
             4.465269900368275             5.302160911155082
             4.741984412429126             5.032102521068873
             4.969129076313344             4.285516490750113
             4.592101683825232             5.221190580906122
             4.980373130844847             4.577860277679468
             4.701496197023222             5.089718497747988
             4.449256458857446             5.101163379319312
             4.560453401658961             4.825228313632239
             4.636958092330292             5.171892247883056
             4.621085154461659             4.710687150636034
             4.730873422413385             4.534320256295706
             5.034335560825815             4.378583667814821
             4.432889393496860             5.169221614499279
             4.773960853647495             4.474447490085595
             4.430141563898242             5.268679327664436
             4.824271011477334             4.900744774672469
             4.571676700961917             5.241118860551506
             4.806365169463503             4.432901175983432
             4.480701211750651             5.300549475319862
             4.599639900421892             4.749556010852807
             4.750969717845423             4.505751304763598
             4.850970681180916             4.853657589987630
             4.471497132881491             5.032246228287793
             4.457984049333054             5.301114388126037
             4.492960385152583             4.975468158879665
             4.876079014431486             4.354856574017262
             4.648813034521456             4.662741360308122
             4.908564083413946             4.742888040277631
             4.675624130482533             5.124131557711286
             4.435628442385335             5.155427215674080
             4.557831041486466             5.253582467965582
             4.504255853819894             4.947878920344858
             5.012690007371372             4.481608165973841
             4.439353375662275             5.288617824391771
             4.851244132964149             4.380719401695786
             4.430487221450718             5.183212329902774
             4.818092786277041             4.911307108997434
             4.862227267791369             4.368994163714792
             5.012494179347609             4.284331890940707
             4.428202236506957             5.199876889645712
             5.036011837720528             4.349839088901288
             4.950483112078629             4.294663069391954
             5.010196635503756             4.283142099553240
             4.633892866756314             5.175480047399486
             4.710143730999718             5.077794843136047
             4.624617581380062             4.704439017789570
             4.899598981100311             4.332677258617220
             4.822058423326277             4.413913550506910
             4.976798977814990             4.282830323830026
             4.831360170252339             4.888474342153643
             4.660651017750462             5.143163330855852
             4.788756227247845             4.959859537078219
             4.461488623580660             5.061498003538903
             4.817981344452631             4.418772720570291
             4.650798060510716             5.155321342635410
             4.607067830644560             5.205537004265033
             4.529021219725030             4.891287661718671
             4.467100232606800             5.044820391503025
             4.480494950606303             5.300598005837754
             5.029597213701247             4.410973534758832
             4.597051286159121             5.216107358106743
             4.898405022080209             4.333743214096557
             4.555786798745427             5.255344566911248
             4.608774203238894             5.203699532808843
             4.470268666850324             5.302132702492290
             4.476556904046752             5.018232080339144
             5.034485437161765             4.377138724030815
             4.426118222378035             5.232635796788026
             4.505742886438512             5.290717317383391
             4.426154294204854             5.236804085113295
             4.436940911076567             5.285080733590107
             4.867936418663602             4.822435347271129
             5.035343478718109             4.367222574628824
             4.803296900520427             4.936119054156065
             4.480150097308079             5.008540993726797
             4.997859357111403             4.528997915100386
             4.426118997800221             5.232258768108219
             4.436620551553407             5.284550784100684
             4.533322158779702             4.881909414611018
             4.990609679893385             4.549950892223712
             4.879495897601235             4.800529040795364
             4.639407355458628             5.169003718762732
             4.431139523519979             5.179168617073066
             4.776421414759771             4.471185730557452
             4.863237366933239             4.367938192786480
             4.512351374231419             4.928848015742003
             4.510148889746747             4.933969779081782
             4.531245862892148             4.886421983630853
             4.667511863360654             5.134524917676319
             5.028138324523252             4.418674710167497
             4.704497437205349             5.085603907978166
             4.548160988194512             4.850411517744575
             4.965326896997193             4.616197075029803
             4.496539621244859             5.295142935404578
             4.939561576440670             4.676543060273252
             4.426123145522957             5.231404331364959
             4.690745761595669             5.104249160371531
             4.977152446771408             4.282724442403051
             4.541603041759171             4.864174809804041
             4.991474117422611             4.280021047635585
             5.034255645512745             4.324229511304999
             4.464422687515809             5.302110238968264
             4.502519957922958             5.292360468467605
             4.517522054797181             4.916977430738649
             4.682630170344811             5.115001406983039
             5.035563079062160             4.363837888671509
             5.005490020073074             4.281376056339367
             5.014495750181096             4.475244319010872
             4.903185785365735             4.329516192362984
             5.009167014335897             4.493578296716154
             4.449444192641663             5.100509555277027
             4.482971536389441             5.299974236294888
             4.622980275576072             4.707329826725297
             4.840521172494703             4.392581678083402
             4.918393557006041             4.316839789269443
             4.960912912216839             4.289133173886633
             4.570481572293126             5.242229689612085
             4.678708086248911             5.120130074506694
             4.639697389892932             5.168660399263950
             5.035670157458919             4.337552538720918
             4.449043070622504             5.101908672230729
             4.505019482320423             5.291094475806567
             4.606872145480112             5.205747050795587
             4.559791428305273             4.826565111217466
             4.886115895180794             4.345096179381896
             4.978788696250575             4.282256364042668
             4.786435181088865             4.963591488416895
             5.031103719123844             4.310415406401043
             4.790525300683146             4.957004531019686
             4.960025426313810             4.629096488289544
             4.505122418829941             4.945814150751356
             4.546457218969682             5.263113102470006
             5.028990927375648             4.304570337705820
             5.026253048354190             4.427879462585461
             4.899723923840298             4.332566103226387
             5.023324694569263             4.294250301431553
             4.499032530487509             4.960475405417327
             4.638597714206051             5.169960688149059
             4.550159946330086             5.260084812631519
             4.587518334723837             5.225812094806424
             4.558676637804558             4.828821172488444
             4.477357119229200             5.301255994244221
             4.679506640339350             5.119089450150502
             4.842211298859643             4.869371392819433
             5.033266447438263             4.318797564222676
             4.765851171818801             4.485319577102956
             4.959968253706198             4.289593022474658
             5.023239795173209             4.294133487993581
             5.015143812861647             4.472917716726697
             4.949767306334365             4.295077203625598
             4.442154767259819             5.127407953760014
             4.920511355612937             4.717989538697687
             4.943763927513721             4.298711166002520
             5.032063868934056             4.313727705268690
             5.024645370785190             4.296183342801983
             4.995083344330038             4.537155790956740
             4.709376067965830             4.566118081196567
             4.748794261688346             5.021965994431005
             4.426611179737853             5.217569765206327
             4.426803531072101             5.249125314550561
             4.996676835173592             4.279960066329940
             5.035128652681372             4.370072154990323
             4.436098865608172             5.153215060622078
             5.020121582335397             4.454146606271064
             4.514933611920756             5.285531362867328
             4.520452857998157             5.282091315922568
             4.426701586190429             5.216156936637486
             4.441171969052371             5.290841263846072
             4.909240156675993             4.741499427733754
             4.572219108531796             4.801813412812341
             5.034004456458381             4.322695924262451
             5.004297025231021             4.509320701816299
             4.525556327385953             5.278711816600167
             4.448842953565979             5.102609690393027
             5.017215121744744             4.465313836756178
             4.481989159412819             5.300232272405712
             4.512456157026473             4.928605346323319
             4.463086724288060             5.056669222957761
             4.726085763149713             4.541291187748601
             5.035307634599542             4.332788823950177
             5.034338398231188             4.378556838663206
             4.642049192588721             4.674209446497938
             4.592778469034216             5.220501132348202
             5.034304720913195             4.378874036249043
             4.563671358783107             5.248435207656518
             5.034293973402476             4.324475276143304
             4.501190591873424             4.955238991739447
             4.696220312520967             5.096890282986750
             4.446205067452226             5.112051244727579
             4.899491507662119             4.761300482964984
             4.520647485493591             4.909901686965870
             4.540295703962141             5.267984383437413
             4.658917645332233             4.645872058296247
             4.896641607151634             4.767001813411962
             4.969137109299999             4.606744773467331
             5.032048193358196             4.396288479546834
             5.025775449547087             4.430104593688236
             4.475043635286931             5.301639730794604
             4.442163589706420             5.127373160351122
             4.435227947322417             5.282049620821474
             4.755266049656427             5.012213277029572
             4.920843357480483             4.717286351488470
             4.768137397368165             4.992468640355000
             4.688288119069974             4.598562306033060
             4.501428630738531             5.292894699442738
             4.539852490308752             5.268326426547628
             4.469626738988940             5.037546897603765
             4.792804555596476             4.449912554985948
             4.559645485533374             5.252001080632477
             4.483072459901043             5.000803498002054
             5.008636234334311             4.282463436535985
             4.482505453673221             5.002295120961045
             4.445042260920644             5.294609140569738
             4.524134461608279             4.902091359531206
             4.657353526285132             5.147265045475475
             4.882932775462735             4.348145733198366
             4.954330063338930             4.292510957092377
             4.554461538280490             4.837407288373823
             4.499566638843391             4.959175102993706
             4.978797919651779             4.282253829950101
             5.004894253528367             4.281208877643659
             5.015253708951025             4.286103032295251
             4.873001725864834             4.357932221784986
             5.021313221473222             4.291695993476357
             4.621359662712281             5.189829040740864
             4.979556763912015             4.282049426636449
             5.035143468423111             4.369886354355284
             4.941382822283463             4.300228747203080
             4.999263661361521             4.524800795207003
             4.606857365781157             4.736290205131546
             4.669816211911090             5.131592236157248
             4.482381523642386             5.300130859704391
             4.564317546042321             5.247855646924184
             5.034137371289664             4.380412321464059
             4.538879754856888             4.869961945307946
             4.561897692005958             4.822319062818726
             5.022224803185698             4.292800409222738
             4.987628629121816             4.558261039494959
             4.972364224837223             4.284295924980289
             4.879480588333866             4.351501584747086
             4.426122628690113             5.234294064302408
             4.649074578485747             4.662300774865289
             5.026728341491177             4.299747811078404
             5.027654000411941             4.421110392334870
             5.035937233516763             4.355060987133483
             4.954156912354011             4.643061805814305
             4.583571303160205             4.779805915166246
             4.848282308222047             4.383955820257289
             4.790126665887547             4.957648663849580
             4.632239814363283             5.177402283728435
             4.469442084002033             5.302173847351737
             4.618357932490855             4.715540088320768
             4.950093008127724             4.294888245224599
             4.614248157080597             4.722901700860083
             5.022966967166050             4.442508971392355
             4.459718905489021             5.066926205884389
             4.861219909357427             4.370051086690918
             4.970791179192600             4.284874111654535
             4.971240230435857             4.601457706794668
             4.897642872288920             4.765003107942452
             4.624819217677905             5.185920577806526
             4.428691249232493             5.262485671735131
             4.741213121161824             5.033242492741446
             4.426461185860060             5.220208636561173
             4.530247548096570             4.888601496917131
             4.516944774624477             4.918292378329199
             4.470068413588467             5.302143929151492
             4.530396707837995             4.888275443590922
             4.644975442075762             4.669230431174002
             4.671583070619738             5.129333025172506
