             7.694292531524148             5.429350312397072
             7.079685482833659             6.362415469712579
             7.259861005138578             5.082317754106192
             5.708024183109059             7.125903887459135
             6.458971410327845             6.823516830813328
             6.083183733974266             5.613953313133665
             5.308902077843902             6.429157212114475
             7.461535336945730             5.939355302289062
             5.356925065922656             6.352174831351220
             7.671666353368740             5.249738578235634
             6.745931882353140             5.224831444231931
             5.250132559874627             6.539844179405550
             5.331089315361215             7.103555105307692
             6.185014630629459             6.967842373298452
             6.992790040189056             6.439848724744703
             5.170271940423289             6.854722903938377
             6.044917598365456             5.642818677927623
             6.408415343313166             6.852750748275795
             7.346452783435817             5.079675246344162
             6.968927432137322             5.141875052117164
             6.217984807419981             5.518146160404735
             6.599833080996311             6.735890348924609
             7.642871336190966             5.200664760546218
             7.684507049168584             5.285222559529990
             7.371819346862152             5.080738129927189
             5.872372779103740             7.087103336554648
             5.663731434553878             7.132778531525216
             6.304216286769269             6.909317953612069
             7.587220587317557             5.740303495105789
             6.514383189694611             6.790135161925524
             6.609274049021813             5.288320799237787
             6.933088050720580             5.153327181473738
             6.229486090872601             6.946793853190482
             5.170276431617676             6.854856742655034
             5.332008032623590             6.390999803231322
             7.283769095143625             5.080708139270460
             7.099839711440032             6.343706660624449
             5.823223427187449             5.826249950671340
             7.695139545577681             5.420733459735272
             6.579042887514009             6.749399781220230
             6.489060313824371             5.351453441172685
             7.143835303328924             5.098071603687888
             7.595324764554041             5.152862355099678
             5.287156538607589             7.079407523443667
             5.638569589185822             7.135895573565093
             5.586922614864413             7.140321314239076
             6.604748834838134             5.290575834449649
             7.403045927342470             6.016736457352052
             5.416518564436741             6.266788401975211
             7.695298449904342             5.418922167434079
             7.691308568680283             5.314367319530013
             7.087898439655271             6.354827318004524
             7.695930785193045             5.350710487530636
             7.690211990910881             5.308666487307031
             6.211199241874157             5.522757039724496
             5.277103250867783             7.072401016648546
             7.086053487614880             6.356536168539130
             6.695927120936719             5.247013237488352
             5.317330665588591             7.096970337764553
             5.170073843535885             6.836376603051241
             6.316511793931482             5.453640554221812
             6.989248487427568             6.442899353701234
             5.386065525316456             7.123195979843281
             5.452203579001260             6.219580723950297
             6.991694174190852             6.440793529322559
             7.640784088708269             5.627292535135113
             5.323259188666861             7.099904478790393
             6.919052623536134             5.158019712369077
             5.933667386375045             7.068005116039431
             6.843219403430845             5.185307110512481
             7.656641847162752             5.585929058092490
             6.641013184365133             6.708533022224469
             5.219360744444938             7.013949451564908
             7.295388723718768             5.080155702802950
             5.173802643669069             6.895023410433495
             6.696632873639770             6.670301339522883
             7.509394239249225             5.870170993630000
             6.310582517722022             5.457394475168016
             7.464968108272330             5.093944307974831
             7.531041154042807             5.836623382805711
             7.482374289505628             5.098422797899469
             5.763819222884582             5.880707680204630
             5.364181738028391             7.116506711025278
             7.492901123732431             5.101512837587494
             5.874854930728908             5.780875054316119
             5.180001598453188             6.744195507022694
             6.430291637315857             6.840243862668450
             5.894718575301625             7.080407183332976
             7.181680370433374             6.264510815629941
             5.172140833211414             6.881793255894304
             6.217986504875521             6.952327278592488
             5.258091171940939             7.057131927679566
             7.690022464317662             5.307734925319683
             5.807187657880391             7.104791800695548
             6.638998031209537             6.709890396941183
             7.584555796033557             5.745258121356901
             6.294827603450253             5.467448220839051
             7.351303730257150             5.079807243492151
             6.127924067712184             6.993457720839796
             6.866771008268863             6.543764297712452
             5.915294740723459             5.746518724702095
             7.690930114908525             5.312335556008854
             5.755144447834548             7.116801635972749
             5.640125420745752             7.135720286103805
             7.263243160837264             5.082052562162392
             6.287193779948705             6.918083908108963
             7.561021147898687             5.130294662560708
             5.665433030942066             7.132546453053997
             7.689535889758465             5.305406792046694
             7.125012680716878             6.319913625979170
             5.864424977503759             5.789901507275644
             5.185283693093368             6.944995903974185
             6.655629668509093             6.698629763820478
             5.343446045364522             6.372906633305138
             7.210632849436868             6.235144197993792
             5.191303874987895             6.961767619580870
             7.466081142987371             5.933038495104444
             6.139168233875983             6.988539644866487
             6.536625495244731             5.325676214525275
             5.418280981361113             7.130810358511714
             6.434046861080804             6.838075023321670
             6.039922692048560             5.646643174609736
             7.572400419300962             5.767295100291439
             6.115308856614806             6.998900352568388
             6.570891162549943             6.754641825912585
             7.220138959702971             5.086305816562089
             5.568058505093895             6.080793981141721
             7.382046479751277             5.081437742350017
             5.579364288987692             6.068209116965531
             5.194049157304335             6.968426447584837
             5.261367568774560             7.059975910225626
             6.256930313219343             6.933335147114267
             5.230332748630576             6.584152246850009
             5.584097445256901             6.062984011144715
             7.690599571820167             5.457008496972264
             5.937107421850205             7.066866247151167
             5.574991931959237             6.073058597614182
             5.973986326704250             5.698393837207065
             6.031774395823382             5.652910632349156
             5.738858139266370             5.904363007307845
             7.148538199857946             6.297232564032086
             6.591051478318108             6.741621220820668
             7.117397230441419             5.103282506967500
             6.604634985292500             6.732741370850219
             7.687600985271743             5.474179598689529
             5.865557284352126             7.089083101027087
             7.411963703679026             6.005364056493529
             7.197108639327165             6.248955787974930
             7.374335835508944             6.052440650013719
             5.540209731708670             6.112447641811238
             6.589196223135801             6.742827351531530
             6.855405521746515             6.552689748185278
             7.027257758851486             6.409738908462024
             5.921906601268937             5.740996271614747
             6.868873954282700             5.175718144989306
             5.271171395942742             7.067941732119045
             5.655639330699533             7.133845793502456
             6.188155471230054             6.966386965254769
             7.527977494196309             5.114202292515547
             6.389255616418958             6.863525220490913
             7.594285036094757             5.152066437863231
             6.757801744267327             5.219748692085264
             7.329236411111762             6.106021216978329
             7.694414244501470             5.428199715657383
             7.242269652989556             5.083888909930850
             5.897621311920398             5.761409716535071
             7.606605444536779             5.702706022766846
             5.469674204857744             7.138435184880430
             5.259872848487888             7.058690434134584
             6.943267541998587             6.481802481193380
             7.532100814925062             5.834938465972860
             5.172828019415509             6.887775176432645
             5.964257728074998             7.057636399753051
             6.935223570845872             6.488476983372057
             7.483224949336045             5.908761389041779
             7.032292948252650             6.405275314560203
             5.610195885787293             7.138670584596473
             7.696739576513479             5.395213944636164
             6.346106263249172             5.435146171723016
             7.387467822474200             6.036275620461521
             5.777831912705162             5.867633549117623
             5.180963492835433             6.739354139036938
             6.475934851671862             6.813446589187987
             5.863173872371028             5.790988919923979
             7.398038636824177             6.023061370543485
             7.691905475263660             5.317730733956734
             5.979740253773999             5.693782351161730
             6.012598603837851             5.667800735330871
             7.366135945021141             6.062399449125651
             7.457173094611242             5.945371935902230
             5.336962297714559             6.383103422176432
             5.550678002190649             7.141673092743002
             7.499126786258277             5.885548951820120
             5.513467694767608             6.143784393921810
             7.696522720637185             5.400520100484505
             7.550053686593212             5.124431942420807
             7.363394912632312             6.065706024519338
             7.458128607305150             5.092385010461109
             6.261660303256695             5.488990678255697
             7.673522822773334             5.254026799851705
             7.595394494157850             5.152916022569693
             7.402287800100723             5.083317054587507
             7.422165204387431             5.992178649214316
             5.973824893981334             5.698523486294460
             6.472279743666755             5.360794584806940
             6.908833579072489             5.161508193329759
             6.315034307541751             6.903677295576115
             7.049170456210053             5.119149064320782
             6.439738220717174             6.834775708599632
             7.548248148969656             5.123519618199561
             6.529753392506338             6.780626599792065
             5.187479319362896             6.951519395480570
             7.695480560975993             5.345238005730140
             6.527433934372926             6.782068453516955
             7.551440397555115             5.803399884328807
             7.099702840749043             6.343834721747588
             7.490885599210682             5.100897697536997
             7.220673973756011             6.224779964696955
             6.384728664539378             6.866046473855454
             7.618524477498465             5.677979415044658
             6.287215139470228             5.472347255162709
             7.456846672315191             5.092104720912305
             6.586653437826910             5.299689049811683
             7.295330202278500             6.144535458372830
             5.549703890513801             7.141687662383333
             5.873931725712066             7.086646346718171
             6.364315843816654             6.877298882470730
             5.505858568539883             6.152881832539163
             5.849986324982456             7.093494232531335
             6.028272782393615             7.034231525212266
             5.589660473218665             7.140157696861826
             7.475598105206069             5.096589201711765
             5.179492450173418             6.746843169207374
             7.371554425814612             5.080722144762259
             7.179020835772714             6.267171049850515
             5.740952879783646             7.119727313979712
             6.119844297158975             5.587005541677313
             5.491138364126187             6.170722907320417
             6.286211152238652             5.472995386503238
             5.205020788479050             6.990948503489188
             7.128823906831052             5.100963000120386
             6.735561880337727             6.642647924958372
             7.474577555602848             5.096323197542000
             5.876180305865847             5.779732968889335
             5.269148989315312             6.501292219560447
             7.652904561752072             5.215007607670248
             6.700987986837209             5.244712323208328
             6.501260366526861             5.344742923709988
             7.682409605718795             5.498851299564135
             5.706595005121419             7.126151987445486
             5.609597936635474             7.138720234164389
             7.441863485242862             5.966153593719013
             5.486798610789080             6.176045686716648
             6.148749761530193             5.566234388066195
             5.362946906859674             6.343103099784908
             7.150673041855249             5.096814455964665
             5.530384245245505             6.123849570343739
             7.667166926910915             5.554590606846033
             5.307707389586081             7.091871760234884
             5.188180047334398             6.953494599120397
             5.837602578204977             7.096889519341676
             7.696411843962021             5.402772967362730
             5.303512998270349             7.089510721301164
             6.786715139265782             5.207666643537043
             7.685524125895363             5.484638160064260
             5.174242486472380             6.779441789597977
             5.414600690649129             6.269399822771595
             7.413671044407968             5.084680341705303
             5.577007791956016             7.140843434650888
             5.558975668317465             7.141501458778958
             7.550792251183143             5.804482531450790
             6.635678686094684             6.712122053357626
             5.192129318768885             6.963824501549589
             5.180469570348597             6.741815126652697
             5.255425157674987             7.054744790190254
             7.647833462766688             5.609593812080078
             5.826660268604853             5.823174803062489
             6.741845674882697             6.638113908337608
             6.706592459338546             5.242178855312519
             5.171889959259433             6.800767407130327
             5.689129299762133             5.952967602874558
             7.428711929277633             5.086844454157909
             5.926897029300919             5.736845370688838
             6.997474887866840             6.435801092402952
             7.324656467355714             5.079475051555348
             5.174645788439930             6.900501219417865
             7.659502865617903             5.225795024093131
             5.281678199839082             6.477494245180543
             7.610204402846680             5.695385051081199
             5.241709767115071             6.558079946324066
             5.223842806649288             7.020118429206629
             6.250267013747663             6.936635485155081
             6.305259706311583             5.460778281016081
             5.774002234785677             7.112678005318033
             5.173586823376812             6.893515581810025
             6.805565223417559             5.200021093378221
             5.216002582230649             6.620062735691237
             7.045094579522041             6.393850409680727
             5.413963018992503             6.270269883522929
             5.211047510283382             7.001310409910824
             5.266687611095120             7.064395386722182
             5.440399963320429             7.134711020203565
             6.376978170692232             6.870341314917696
             5.574297720075518             7.140966657528859
             6.474533799036859             5.359532354784954
             5.588386423840046             6.058271000918522
             7.262103474886742             5.082140571410573
             6.877235994260226             6.535483214486903
             5.172388084171635             6.884051943152667
             5.399790375327970             7.126741859759441
             6.993132391409715             6.439553409873358
             7.188190209851374             6.257973189898221
             5.182726867850169             6.730949165651850
             5.795618779382863             5.851244046559441
             5.170873365243144             6.866961873293136
             6.206919066302291             6.957593254508817
             6.308226632737802             6.907233221190295
             5.982450513552245             5.691616651914414
             5.560574889368945             6.089206827280292
             7.360750834635742             6.068885181388106
             5.513858307719073             7.141366318295396
             7.452292553739631             5.952052427948918
             7.009585881505571             6.425272470561866
             5.984311834330406             7.050548635858380
             7.616787404530189             5.171306632738053
             7.452873018665487             5.091259372701198
             6.558519231367332             6.762538815540876
             7.026627608734197             5.125109551508671
             6.497507858362180             6.800450054688929
             5.363589557295078             7.116306563803176
             5.610704268402790             7.138628078241294
             5.281125707609453             7.075284006082566
             7.437870958246813             5.971491218429358
             7.430518342047817             5.981236306001822
             7.098206409168155             5.107402322713525
             6.911290034748833             6.508111531380003
             7.401919575190299             6.018162943849120
             5.230255742527717             7.028292530660813
             6.624652574046694             6.719497662544184
             6.150835048977217             5.564751934826134
             7.253873472734908             6.189815046423172
             6.751544623985383             5.222419199509611
             5.183679757451649             6.939861525245145
             7.319697168154918             5.079516048175934
             6.689483952540449             5.249960659765883
             5.301489368516958             6.441917433601981
             7.454629958167269             5.091628791636411
             7.684877164427363             5.286524375159137
             5.963802871429642             5.706601206555074
             7.360842540113756             6.068775088382487
             7.622548546824676             5.177020483008348
             7.145493720244767             6.300192689797376
             5.171361662163918             6.873553551501557
             5.401142085836693             6.287958503715539
             5.172709293798694             6.792367627613229
             6.913124277026299             6.506618512418132
             5.192375728935238             6.964429059915774
             6.204506916302524             6.958733200555368
             5.382757154903878             7.122269332768168
             7.623609023057920             5.178113633705602
             4.781346203429413             4.492262599533369
             4.943501945034392             4.330265307043207
             4.834275132299926             4.426320436705389
             4.770150409180966             4.507403577369281
             4.488445616071197             5.036619952327651
             4.611790943584650             4.763173826063042
             4.537268836677923             4.915830703952527
             4.829906589708030             4.891675364978934
             4.717277032976264             5.078650247250620
             4.909782202071858             4.730068291096539
             4.440105944765063             5.277669947575122
             4.538500993575306             5.288928806962704
             4.730682480627166             4.563868504108894
             4.607947671413756             4.770422356086541
             4.456292137580165             5.138542668860235
             4.475755594494135             5.073254402014989
             4.446166626992580             5.182419241071013
             4.440100827300983             5.277639280239913
             4.549279051214234             5.280250681797076
             4.926572290507924             4.340010692847284
             4.933807377140611             4.335511256181456
             4.967251946129107             4.586436032767479
             5.004656401886246             4.451732755793848
             4.603003614340306             5.227603547208291
             4.554680171097767             5.275630138192856
             4.952741640217203             4.626332727765247
             4.493086616797858             5.315011510247093
             4.921106161228425             4.704287239454533
             4.570091433264286             5.261546400176804
             4.440488022376437             5.217784083128801
             4.934210514360951             4.673192426208747
             4.572329222976153             4.840557325515212
             4.447173376043922             5.300044021492334
             4.515340212707458             5.304717011452293
             4.505595455456176             4.991304745066791
             4.889837579038310             4.368874748202086
             4.954323786392975             4.622140340336323
             4.443712762952220             5.292109964945504
             4.444633363068964             5.190541893259659
             4.712844899537656             5.085203356703076
             4.488975311369947             5.316206425860430
             4.834618847183150             4.882925529501938
             4.635266355882653             5.190020766585112
             4.941702556243261             4.331165226795547
             4.442832317882891             5.201098316477444
             4.991239631291769             4.509577028940202
             4.489682909616731             5.033209164078649
             4.473850019284754             5.317920041198147
             4.512709284201240             5.306219512848367
             4.689656781145423             4.627560290104880
             4.463164753989185             5.113692327426230
             4.779712361236269             4.980009100797814
             4.852916028247166             4.848128363527611
             4.941591059029526             4.331222147979815
             4.902280055742897             4.358110491332825
             4.529862321824112             4.932729541505026
             4.964873052585247             4.593221039002287
             4.575479902818783             5.256330886475251
             4.616070235116863             4.755170342159378
             4.720987961341902             4.578460209703954
             4.566512610665852             4.852569281794155
             4.688068448233000             4.630129138404011
             4.438269749239790             5.247782140900491
             4.936824140774815             4.666806644876062
             4.442377783470497             5.287905818082412
             4.939532945666008             4.660117119114478
             4.742444492022574             4.546545229155675
             4.995280745972411             4.494165817532406
             4.483697645065564             5.049953072300307
             4.460205899522331             5.124074384831451
             4.910001609683894             4.351907221545374
             4.463558344429707             5.112342096321022
             4.479787210958500             5.317820639275166
             4.978570624938470             4.552447819022249
             4.973512094603580             4.568021689446625
             4.711365922112508             5.087376902243021
             5.010655325737498             4.407951604944679
             4.745694769759060             5.035226774826830
             4.555893550873012             4.874959055872395
             4.997027986340081             4.487108668437013
             4.638000656420157             5.186660596675170
             4.862822760794954             4.828709046077623
             4.640869436577308             5.183107211605379
             4.507764603589000             5.308855323056793
             4.869087698038621             4.816203628007506
             4.616051626383031             5.212876885388228
             4.596870661273900             5.234289483012999
             5.011404753689767             4.394276228497708
             4.609922010411291             4.766691465390055
             5.009885609113268             4.363874657463484
             4.452162751470508             5.307390264643709
             4.749541721684569             4.536294801406147
             4.487192106254112             5.040101449530552
             4.969621641741532             4.322095834083342
             4.475736964060372             5.317981216904709
             4.999163936045097             4.478069637136235
             5.009351462073911             4.360669493249781
             5.002228206352431             4.464068464986564
             4.446260008010002             5.181944267518057
             4.892946840603402             4.766823372634670
             4.847311349232500             4.858930343813621
             4.970499959872249             4.322023097956996
             4.997354723336800             4.485757409567607
             4.445153480751149             5.295823509546377
             4.679804369169647             4.643620888943718
             5.005376565383704             4.447774076003184
             4.653698367529804             4.687660067958322
             4.955864032267304             4.618025353300093
             4.993241392560271             4.502085604801525
             5.009986116287730             4.415366970919430
             4.559853558782538             5.271046171367258
             4.868590885682157             4.817201893659106
             4.822693283608700             4.904909004465925
             4.440607892271139             5.216795680562149
             4.529221114345106             4.934211699434861
             4.882030969211815             4.789777824121233
             4.438293964433461             5.246689928423660
             4.800705313035015             4.944105477593482
             4.625263006716965             5.202087993108837
             4.995217084317306             4.330044010064813
             4.658986408923648             4.678561827545985
             4.964891028051070             4.593170170334812
             5.005915313620522             4.444696540014906
             4.498448848582417             5.313080604100322
             4.500166950354163             5.312380262292245
             4.991453215033655             4.327024573648981
             4.794126858175336             4.955511636526676
             4.471851714026911             5.317751185188026
             4.744077741543185             4.544172812797407
             5.010984538727813             4.373589919411590
             4.726285161267273             5.065148928688757
             4.438773802665636             5.236091188678410
             4.739057946907034             5.045586189854258
             4.972443391249493             4.321923205317605
             4.742623536662386             4.546284759201607
             4.600739572186908             5.230089787909534
             5.007665664339199             4.433793097123054
             4.743472708020732             4.545050726671533
             4.943392532951695             4.330319009879231
             4.944808221580896             4.646868121596349
             4.449973091406287             5.164411085112110
             4.847910511829725             4.410978930577417
             4.476471893748970             5.317980712420088
             4.470441953268228             5.317562902115872
             4.916863114403593             4.346732710637398
             4.980440101996669             4.322524903608350
             4.780101751083746             4.493925956531072
             4.826368513982972             4.898190299557881
             4.506230889587959             5.309620240591991
             4.517836313243574             5.303230828739918
             4.930717934608373             4.681625439791210
             4.587133629992219             4.810725622971540
             5.008901431794923             4.358347422144139
             4.627130591148656             5.199862397119006
             4.547100961534138             4.893983229279829
             5.005562956620483             4.446721415146097
             5.003282347185979             4.458879759188017
             5.010453017620792             4.368107402891477
             4.641946003970543             5.181766402346928
             4.765735850650803             4.513481932962020
             5.006574853936393             4.440769874586142
             4.639499265545623             5.184807913312688
             4.981842078741881             4.541977245764555
             4.442727739725765             5.201756193444087
             4.467097408282497             5.100486418011353
             4.915603289284624             4.347657694800482
             5.011494829171290             4.389486524879902
             4.871564889168631             4.386206683122113
             4.967633688948455             4.322320588853501
             5.011420761891349             4.393699461927270
             4.641896315688791             4.708302042840542
             4.453297384390769             5.308639403961703
             4.534089946498475             4.923034825955620
             4.546709362495766             4.894841415349006
             4.767317286727993             4.511297494420115
             4.444511959578823             5.191214482652691
             4.486682209022182             5.316754127184335
             4.962632832503482             4.599515006347899
             4.803667201654823             4.938922695830412
             4.550552647214686             5.279176816603931
             4.475826901879689             5.317981869649680
             4.980109321209653             4.322463380353872
             4.736736719105173             5.049177951305910
             4.956778427521958             4.615566215393196
             4.929382049184515             4.338208434675236
             4.618927822331987             5.209542138430453
             4.753142187786060             4.531153273180736
             4.829174904860481             4.893026486850976
             4.823079633755959             4.439449301326109
             4.618194540425154             4.751223237405234
             5.009027342673555             4.423839484320152
             4.918447878528692             4.710423640938066
             5.008344586900741             4.429048731083385
             4.449140326755728             5.303364739925732
             4.966587508516814             4.588342052593327
             4.734364412881643             4.558400810718321
             4.847903557079681             4.410986566464512
             4.670805358451171             4.658555425681031
             4.678247290915929             5.134303665130945
             4.977719295583515             4.555118216347944
             4.582415829697381             4.820121186900312
             4.674959584451885             5.138777176869064
             4.485282123924932             5.045458635650464
             4.622617730472618             4.743058980635059
             4.828321393051148             4.433244347190815
             4.577474522188460             4.830071897332787
             4.491949314029306             5.315368180919580
             4.502592858672295             4.998962079583347
             4.850664463070379             4.407970875968830
             4.473660856921510             5.317908769632505
             4.951950232022512             4.628417064610596
             4.497048338826643             5.313623040110358
             4.744432103367257             5.037207947350555
             4.653003902825502             5.167766499127566
             4.439669741242942             5.274840756683068
             4.971045374007219             4.321986437424881
             4.578001798985323             4.829004596772970
             4.456677923208356             5.137073357416220
             5.010647400908948             4.408052101906609
             4.541985705735167             5.286205699601656
             4.478588356375185             5.317907352608870
             4.459669345045585             5.126004466473523
             4.986940799823278             4.524892492105959
             4.453627316344859             5.148998151917032
             4.610897680646137             4.764853395235617
             4.926231076659617             4.692299973353568
             4.441788754793588             5.207959610026015
             4.655177927432612             4.685105164336286
             4.961120116266324             4.323587897788969
             4.947425366072650             4.640179081392066
             4.741077473984330             5.042448022457773
             4.482872267412873             5.052313112588673
             5.009887353891765             4.363886145523496
             4.848791458093576             4.856090305114670
             4.515457064046308             5.304648736369375
             4.552207978227438             4.882877393838601
             4.702150574754293             4.607623565057453
             4.558620977543584             5.272151959663768
             4.728640319999730             5.061578744068968
             4.525423634847891             5.298373956131214
             5.011027607016673             4.402619221088670
             4.987674381534687             4.522344751733480
             5.006596396052917             4.440638319189987
             4.460631382783950             5.314297911282260
             4.966126024641762             4.589660825878244
             4.459649325545525             5.313737911900986
             4.473090244302538             5.317868897798503
             4.869682475156371             4.388086165265958
             4.664434330761998             4.669284013907286
             4.713991853571482             5.083513215949496
             4.575213945019029             5.256591654351503
             4.901173528941316             4.749080896554951
             4.973245754770995             4.568823233526757
             4.550990808342191             5.278805106629745
             4.999280613356109             4.477560863753753
             4.641538036806621             4.708936066632251
             4.922459893864742             4.342767271000259
             4.797241757004167             4.471456495107655
             4.472259231881154             5.317794717671640
             4.837685901048008             4.877185103173884
             4.697370730781746             5.107616687683383
             4.851603091326366             4.406952808840101
             5.011051655649626             4.402218176791886
             4.669220842803475             4.661211573099401
             4.439424499240025             5.273012400605447
             4.633835956029923             4.722673539287165
             4.442357981042775             5.287836265836603
             4.439280612245576             5.271832909064176
             4.743440071741492             5.038761092635737
             4.440543074994892             5.280114497628940
             4.545060429610602             4.898465620271647
             5.001946401260733             4.338746589873328
             4.495477365990508             5.314200017535637
             4.769484581607284             4.508316456333800
             4.593615975747363             5.237773772282386
             4.455836193195426             5.311022916685097
             4.520130464099897             5.301814820082289
             4.653420988254923             4.688139852556849
             5.007352708781482             4.435866312305027
             4.978205285197518             4.322175682946027
             4.568459242363983             4.848530097933543
             4.923437470393779             4.342099566473660
             5.006662541444113             4.349707753518632
             4.991363535627020             4.509120655613653
             4.457347952331355             5.312210476806136
             4.963991148203425             4.322934568792630
             4.460893609041401             5.121622877786514
             5.011474316343238             4.391179298754323
             4.758881420543940             5.014246285208902
             4.544301054387515             5.284351906953071
             4.479207798631099             5.062956905573905
             4.446728438151018             5.179591448103369
             4.663349079707534             4.671124527698681
             4.473758690580304             5.079344013439548
             4.706834461493766             5.093995303162680
             4.443192182000594             5.290574386090725
             4.495805142291966             5.314082437347780
             4.609099751650555             4.768243416819988
             4.562185020365789             4.861619911514719
             4.810620645169628             4.926638127645713
             5.008105499625967             4.430762135048949
             4.456079372539611             5.139357483698452
             5.000910424540240             4.337025391631378
             4.983755065104262             4.323346992995891
             4.884966865061833             4.373326357791627
             4.994875043938330             4.495766852566756
             4.734739767593340             4.557845701926944
             4.447175369740107             5.177390281066941
             4.995797817377529             4.492105520053335
             4.915758685977782             4.347542975188963
             4.459383836071799             5.127037920904507
             4.781230537363741             4.977460497313955
             4.484904501717453             5.317115743864062
             4.904675717937440             4.741403521780095
             4.620166047023229             5.208096921549043
             4.831780512467343             4.429205319332780
             4.894881196244376             4.364402872883110
             4.623121221985896             5.204624668614948
             4.955865343260051             4.325130865434302
             4.564448877288663             5.266850550541592
             4.692073907435947             4.623665919282796
             4.439208771492122             5.271208105570855
             4.805512970429744             4.460960112003454
             4.444472414377477             5.191434621103898
             4.624220548593422             4.740118428170987
             4.741900511324295             4.547337194903053
             5.008426849030819             4.356172086674045
             4.559340561152694             5.271507419811545
             4.786070874620693             4.969285620163671
             4.489782162827856             5.315992898023148
             4.504098762696501             5.310639931936326
             5.011304294661310             4.378774456583028
             4.900059805143121             4.751506441428708
             4.604495346730497             4.776983330066654
             4.602246593490191             5.228437192552654
             4.657370865684517             5.162125177785572
             4.442117238490736             5.286970675524812
             4.786531308646832             4.485385504908676
             5.009748239739528             4.362993333863551
             4.907746079195342             4.353679070572979
             4.765191971509802             5.004017222976488
             4.439908586969089             5.222908848391330
             4.439790030987841             5.224044726587029
             4.463616741225628             5.315706035142770
             5.003994719098970             4.342752534570607
             4.820872676603259             4.908219081687810
             4.651396090794791             4.691650068524392
             5.008477432870713             4.356392618849832
             5.009678635304050             4.362563193022038
             5.003713824899573             4.342147924650415
             4.908913346150866             4.352757872379208
             4.747138887055693             5.032954967590012
             4.882556436101298             4.788687363122626
             4.971694735714979             4.321951491025088
             4.815788333240180             4.448245883839647
             4.879627792277718             4.794746929866985
             4.940473603915076             4.331799956758431
             4.519439567627886             5.302246197848014
             4.874318247434549             4.805623003000562
             4.613084917484156             4.760746302051706
             9.349907139358134             9.024069710241962
             9.315903935547295             8.704706084948025
             9.324725905940468             8.654730349564371
             9.596471753347341             8.696630362548882
             9.331055053654923             8.625930602131058
             9.392196432641228             8.453246742426918
             9.434261806293554             9.041053446425135
             9.378172340331293             9.047259778162449
             9.608844833689155             8.542393353440426
             9.600196334486302             8.450674978873227
             9.578038551404788             8.782464530678393
             9.321803500441099             8.669673705522486
             9.402474437409850             8.434082164249780
             9.489895069097829             8.338987897170597
             9.404416560167757             9.051295497998753
             9.516573649735513             8.943310840847433
             9.393484604484705             8.450735099369211
             9.607978682378601             8.517329197899587
             9.602267490650926             8.656915007540835
             9.500583117060913             8.335215899675836
             9.308350905567609             8.771878568202906
             9.439199241446067             9.038025989200969
             9.593208021581367             8.420966240396856
             9.572383675059458             8.802951505834452
             9.318406320855631             8.688868807091083
             9.579860064083514             8.775443331957680
             9.307781245039513             8.879023404414470
             9.315004082317969             8.710865807511547
             9.483956305807286             8.994351948961480
             9.313344416832871             8.723060009044854
             9.599404401288238             8.446638438376562
             9.608094508059128             8.589165171412118
             9.583593403299369             8.760295918633345
             9.373838275931334             8.492838850570015
             9.492197179850905             8.338022610168332
             9.507432282143910             8.959407458461035
             9.325678849237672             8.976159094202282
             9.306462903411260             8.807278805149000
             9.521862373494347             8.333440847123105
             9.501840849650971             8.334893058061700
             9.597104741759038             8.692803267042706
             9.608242938639625             8.585803864733954
             9.406135848260050             8.427720311656117
             9.399093445761931             9.051559575707035
             9.353115488283926             8.547976690335579
             9.449395074910694             8.368906757028055
             9.446258022886839             9.033073095878230
             9.541711679747324             8.339793805755873
             9.422126239452055             9.046929174286785
             9.603340780383007             8.469499357258741
             9.604513715948585             8.478174899276205
             9.591446080082038             8.724180783135241
             9.444184180073769             8.374490771601424
             9.573289740306178             8.372701979763567
             9.313327065223101             8.723194128412498
             9.590769458479942             8.412883246279099
             9.546515506858086             8.878836973909568
             9.314177496743506             8.716790293334999
             9.430827692025353             9.042944123929104
             9.339276288826188             8.593656326522087
             9.528368841169952             8.920230596431495
             9.548407844770807             8.344047079637601
             9.501038872510422             8.969805637378681
             9.534750926084294             8.906550101806655
             9.375210381570181             9.045883143540383
             9.319905450471838             8.956732501015315
             9.565820127491719             8.824642180662597
             9.574612622523441             8.795096575188680
             9.375878707541942             9.046212151317892
             9.410114520888939             9.050460631532200
             9.511979133409540             8.333265139318231
             9.541127944308387             8.339478366520362
             9.578765764835918             8.382769176679105
             9.306679433560879             8.859930416698603
             9.478471140538824             8.344978799950354
             9.605959888051178             8.490979352832879
             9.584995865929383             8.754310721678610
             9.593159582049955             8.420796759634397
             9.598337901930988             8.441535245045369
             9.427746007826121             9.044488703885037
             9.383818423243074             8.470399991652581
             9.313362742969170             8.925922491911837
             9.311109060096289             8.911146553310239
             9.583474510725383             8.393032720123701
             9.410493412997424             9.050385450092916
             9.459297812137033             9.022017078497754
             9.531061688069059             8.914566240256073
             9.572500031479619             8.802548066492205
             9.524944343937385             8.333876605458597
             9.324575152037642             8.972821191655502
             9.332352057286975             8.620505319007869
             9.358767673351025             9.034024431321356
             9.324480567388525             8.972527866960661
             9.313606840855721             8.927343850470358
             9.523649946204563             8.333670663371679
             9.317902022724656             8.948595658892073
             9.584672903967411             8.395927418632319
             9.411780728482338             9.050112009442634
             9.590974948507307             8.726551570127667
             9.603623982441555             8.645414846985812
             9.319700164241420             8.681288431641072
             9.335903226175331             9.001208965194259
             9.311879078990128             8.916577300876041
             9.578607481766459             8.780295575629863
             9.341895261681405             9.012260265369921
             9.423653037074123             8.400405840508261
             9.378515703148777             9.047405923430318
             9.322903914239383             8.967456815759640
             9.598152917710102             8.686242922984770
             9.338354388219804             9.005993256738607
             9.492877025241786             8.337753388418331
             9.369590629435795             9.042673440955314
             9.590691193541254             8.727964697845326
             9.434055747287804             8.386484421706736
             9.608117975152089             8.588654126250377
             9.365812536035859             8.512675658729531
             9.604705779107206             8.635199279218170
             9.599027453124689             8.444793617206319
             9.374117866841518             9.045321761849827
             9.351837578877964             8.551840271094996
             9.453211088091452             8.365067648736398
             9.473406886999356             8.348260108649519
             9.306421046945873             8.852917516809848
             9.308402236752029             8.771193575227407
             9.595075411195383             8.427813201367535
             9.512582420854541             8.333224522974573
             9.550017224627865             8.869890138781134
             9.456007224973153             8.362388376899561
             9.362398639836073             9.037317864653550
             9.414194871748588             9.049524875120893
             9.515811850681207             8.333118569613754
             9.407706633018972             9.050881555452754
             9.401539437636131             9.051501544525873
             9.581525887304679             8.768817307517164
             9.312063770129001             8.733406938033756
             9.587986053509981             8.404635027135908
             9.556623735098999             8.351019049988817
             9.559009200503933             8.353449421580271
             9.587591546109660             8.403539274177213
             9.600157093992578             8.450469526826101
             9.389115063849829             9.050627575046711
             9.596549931208077             8.433703008744867
             9.374875673303533             8.490396765628294
             9.397290870158631             8.443500443660360
             9.360505392107900             9.035653068588143
             9.581841618276348             8.389282596764970
             9.400982355900021             9.051524320459869
             9.608216589774576             8.586424397463732
             9.388508728471290             8.460619037366882
             9.359519579769293             8.529511759039883
             9.320077750622566             8.679142477603310
             9.434984161091011             8.385321685226108
             9.404229906287386             8.431002499855625
             9.467784342349894             8.352344550560762
             9.601014982806952             8.455102684323201
             9.307685648546530             8.781539196535393
             9.410716299463722             9.050340095327417
             9.607699661298428             8.512521297965080
             9.542793169809267             8.340400947060782
             9.397006642037805             8.444031195442262
             9.306109519821121             8.837297811807900
             9.599913771137290             8.674492625123943
             9.387769418040188             9.050351480159252
             9.579740320465245             8.775911887711176
             9.571225813645086             8.806928045225632
             9.608902360810886             8.547002958582089
             9.500059590002360             8.971338258427661
             9.566885852793076             8.362974448904005
             9.436511781498579             9.039718807580279
             9.406220325600415             9.051091831120219
             9.312505892973720             8.729725853216578
             9.310683373266098             8.745821143433844
             9.391255097153715             8.455102757588870
             9.385020141979753             8.467849629765109
             9.408575887044417             9.050740984891389
             9.462178608465397             9.019242850424931
             9.509848918128663             8.333460137090945
             9.606939470714293             8.501831198100462
             9.347846634751910             8.564330543890257
             9.467868650203050             8.352279898971254
             9.543505140397190             8.340816962857527
             9.582211246556797             8.766030516646380
             9.376125794891628             9.046331048079578
             9.608836582404152             8.565466551380739
             9.430325499004431             8.391286766303033
             9.325370863931688             8.651591622049430
             9.316557128468993             8.942584913105797
             9.608317305195872             8.524313036816775
             9.391245013481639             8.455122734416653
             9.536268847709023             8.903162994562091
             9.344234390489962             9.016025207410982
             9.308066280819828             8.775819011427794
             9.607708556114201             8.512665018808802
             9.562834528488962             8.833881267166026
             9.583307253378688             8.392638551780479
             9.456673656427869             9.024439752527238
             9.596554596165916             8.696134890615982
             9.513685518254107             8.948557911367327
             9.307026611353919             8.793288607789989
             9.580649288409099             8.772329494599823
             9.560653679075504             8.840408733052330
             9.557911896387536             8.352307145767139
             9.561182071827066             8.838843661866967
             9.600362935678097             8.671324136925879
             9.606810028271193             8.610813878816728
             9.493944046702911             8.337345502519064
             9.538122237590899             8.337987006159628
             9.320399776088156             8.677334330470227
             9.306400216299958             8.809355683437083
             9.602693986461626             8.653429879377651
             9.375736760339821             8.488389815455438
             9.467721078512227             9.013567345101469
             9.337714014532496             9.004780579525621
             9.306601345647303             8.803216829305072
             9.306242853308026             8.846177672823044
             9.467203888048417             9.014115812923743
             9.594041339023962             8.423944104873936
             9.481912765977960             8.996986159499547
             9.564326360025783             8.829309950986717
             9.547708455501436             8.875827681116588
             9.306097461068552             8.826457909185539
             9.307420842394523             8.873816796724224
             9.324065669353446             8.657999524199617
             9.448795486497207             8.369529166761813
             9.550776581015093             8.867903679977628
             9.594580962099620             8.425938068586371
             9.409956897635540             8.421329211736756
             9.309081412110904             8.762729616282042
             9.306209123744297             8.844510026007830
             9.397315792496716             8.443453977200273
             9.385920039683587             9.049910862394251
             9.349596879717469             9.023666373036527
             9.353968754204860             8.545431658601409
             9.349092679925270             8.560359228664449
             9.468111369370689             9.013150874737088
             9.316496581241466             8.700795469335965
             9.306207916619211             8.817506741734785
             9.413904439531708             9.049600603972522
             9.518400922949448             8.333171855181469
             9.435340768352765             8.384878499674809
             9.345431769448151             9.017846348188543
             9.315504815580992             8.707403467842672
             9.605288088088601             8.484669434485568
             9.375206515298569             9.045881208587346
             9.310269440564753             8.749879084925741
             9.360778692378355             9.035900348291424
             9.594886991209799             8.427093066072194
             9.534333687362620             8.336412803528907
             9.384711738994437             9.049584066753008
             9.307128644079530             8.869009349555805
             9.608451125601245             8.580426974644171
             9.471068041268641             8.349903001639728
             9.505335962792648             8.962892721674519
             9.396970099642830             8.444099542529028
             9.461677050427905             9.019734483871451
             9.450284194083434             9.029922301236084
             9.419608741647933             9.047862178492700
             9.538643339102325             8.338229867865660
             9.535109175037620             8.336708085936632
             9.517116721569726             8.333129839273605
             9.512791722597743             8.950151057265101
             9.493156083638679             8.337644981854282
             9.383646882765092             8.470766587380188
             9.332981632309114             8.617921570662277
             9.321414565736429             8.962323321274347
             9.581019212799978             8.387473421044373
             9.603972511900112             8.474021608144662
             9.343879519009651             8.577443309556653
             9.586816085287955             8.401433903651798
             9.398777158156394             9.051559091562858
             9.603593241434933             8.645689945053983
             9.578547758994150             8.780524265271019
             9.503744480416827             8.334454232093709
             9.420623545823398             9.047498151169052
             9.489138759546783             8.987386963852710
             9.389686364769570             9.050733617984086
             9.306157728327818             8.841448860342146
             9.583442550530137             8.760929502264174
             9.308089872262844             8.883021637194245
             9.551535464619597             8.346458929407179
             9.470010924952398             8.350671834318453
             9.579350187123501             8.383954961801122
             9.310718100340024             8.908198923554520
             9.608918260924156             8.549054738002235
             9.606553955178191             8.614263518661053
             9.327420141228943             8.641950319103291
             9.330276296175942             8.629257626108100
             9.306626964047579             8.802525957569888
             9.315592918838139             8.937950520030522
             9.538050928283317             8.337954276433816
             9.488394870855364             8.339661206361555
             9.594695703887190             8.426369024480314
             9.442148900731482             9.036045205714391
             9.321660652595325             8.963196435269104
             9.443500214545738             8.375253114394296
             9.396212806963083             8.445521598316883
             9.307658865597771             8.781965022306800
             9.480255179516615             8.343913477045552
             9.308905348039378             8.892182110941995
             9.530111637833793             8.916582299810038
             9.327340443571334             8.980908765588040
             9.495563047165374             8.978175655722003
             9.322811962101438             8.967149985874121
             9.599240049474091             8.445828310527260
             9.601528217057998             8.458028018059332
             9.407854994618326             9.050858478565340
             9.598465208121256             8.442125985604553
             9.513893163595727             8.333158747772138
             9.343301367825957             8.579417685131220
             9.547237239487780             8.877021049371873
             9.595307666201217             8.703431884780763
             9.351993306996233             8.551366056156086
             9.313929780629950             8.718621203454797
             9.539319147369834             8.338554548354525
             9.419408607507210             8.406566955027580
             9.598488621090613             8.684077806241753
             9.475236103836998             8.347031191971208
             9.549283046558385             8.344693429564508
             9.444230730283634             9.034570279065820
             9.334744057969036             8.998806108193470
             9.524474885510605             8.333798039968299
             9.379431445404661             8.479979722132533
             9.420645080660721             9.047490249215761
             9.565995263733329             8.361772209933802
             9.593198915790332             8.715072636527571
             9.438406914577554             9.038536196237320
             9.594324265047558             8.708961764722941
             9.592559354614602             8.418728216109855
             9.379605041614662             8.479592414171952
             9.309044566156542             8.763163731470645
             9.429252945762506             9.043751487964531
             9.463778211542595             9.017650574683490
             9.413066036693627             8.416311110414352
             9.306083784777817             8.832320223827196
             9.319434448207724             8.954897999620650
             9.587831524516927             8.741639595389294
             9.421531100832572             8.403450486701887
             9.579239747050762             8.777859780332294
             9.476563300918436             9.003585587749340
             9.325216234559566             8.652339340128785
             9.584078083352711             8.758247071680399
             9.338792543284464             8.595429371524105
             9.334288547725544             8.612656245429180
             9.579436342536964             8.777096838020574
             9.343137429396068             8.579980621844458
             9.310333413088056             8.749239908312077
             9.491581330157274             8.338272740987838
             9.585445777389296             8.397862555844815
             9.565736211424779             8.361428882410790
             9.348328437147959             8.562786999621681
             9.603985358856207             8.474117022814919
             9.554001867961880             8.348567081982264
             9.499168890553031             8.335609888479439
             9.607606126530756             8.598561606053478
             9.481200642998974             8.997889344990154
             9.552639664532558             8.862957157231588
             9.579755175124951             8.775853816410402
             9.606263375651974             8.494094679276323
             9.347796396018296             9.021245052111730
             9.309276482455065             8.895857229855947
